10,418,278
10,548,435
10,151,438
10,547,132
10,561,127
10,452,445
10,82,303
10,86,113
10,349,120
10,464,346
10,157,402
10,385,213
10,375,34
10,430,50
10,530,243
10,300,144
10,248,54
10,533,234
10,73,328
10,245,106
10,579,220
10,588,150
10,158,140
10,435,292
10,391,182
10,443,58
10,481,285
10,200,169
10,149,74
10,394,441
