100.0,100.0,0.0
100.18566944161782,100.0,-0.009412663647957675
100.36552770036828,99.99830700470697,-0.01852932501399529
100.53972591905092,99.9950788598417,-0.02734550271545455
100.71865547093748,99.9901847213266,-0.03626059659359049
100.89710032009856,99.98371136726634,-0.04507505722862204
101.06988793058726,99.9759176768152,-0.053590223829487194
101.24735295392982,99.96639817168648,-0.06220837542306157
101.42958639061368,99.95504707940111,-0.07092220334934352
101.60601358599851,99.94251345238044,-0.07934282692729466
101.78717281618489,99.92810952864285,-0.08786180529411913
102.28524413319388,99.8842351263914,-0.08156212260310314
102.46478597114567,99.8695587542824,-0.09001297676396858
102.96276175444338,99.8246130175654,-0.08368490232138281
103.14070197211865,99.80968724902276,-0.09206811716566987
103.31809870960174,99.79330836047986,-0.10035529085241324
103.81558302589104,99.74321489737167,-0.09391507361593332
104.31337963584164,99.69632635802904,-0.08753408218729497
104.81146530475876,99.65261518761021,-0.08121176167323307
104.98521598980138,99.63847348488002,-0.08948984933119153
105.15844612961958,99.62292962962256,-0.09767292873247513
105.65606302484034,99.57417077821223,-0.09124057097974836
106.15398325780387,99.52861376332393,-0.08486735257636902
106.6521837214015,99.4862310065576,-0.07855271954615395
107.15064188203961,99.44699502698188,-0.07229612328245727
107.31922955854351,99.43478551217808,-0.08049474073581298
107.817610582172,99.39458159088889,-0.07421195024178795
107.98467606689823,99.38216052442267,-0.08234272772620255
108.4829819432462,99.34103567065907,-0.07603466759889477
108.9815373217572,99.30305495768846,-0.06978456992723192
109.480320344206,99.26819098607267,-0.06359189221630146
109.64380034601825,99.2577809471481,-0.07170566508891518
110.1425154710954,99.22195883080514,-0.06548709265048869
110.64144371437594,99.18923868323536,-0.05932563880972763
111.14056408955523,99.1595932606396,-0.053220769275276414
111.63985614411001,99.13299543632158,-0.047171954919849934
111.79869248923416,99.12549725294865,-0.055287508570105004
112.29792850671892,99.09786757966161,-0.04921150571835042
112.79732318582239,99.07327175718834,-0.04319128173288078
113.29685688661431,99.05168283009287,-0.03722631530431908
113.79651047698378,99.03307397115732,-0.03131609015264303
114.29626532264435,99.01741848525646,-0.02546009497519064
114.44936178044908,99.01351979246506,-0.033589513791386416
114.9490797431089,98.99672819352051,-0.027704478377589492
115.15158009538851,98.9911165911096,-0.038627855207446604
115.35344249350086,98.98331519905598,-0.049433150735687104
115.55464959313355,98.97336078852958,-0.06012135492564097
116.05374622096225,98.94331821723462,-0.053960192449679756
116.25298678291682,98.93255671137237,-0.06457042175376415
116.45155607683697,98.91971715920465,-0.07506522727343112
116.6494393041276,98.90483504675046,-0.0854455818069324
117.14761517749133,98.86216422301477,-0.07902000822817934
117.34356450338075,98.84664799694403,-0.08932617047903157
117.53881641927073,98.82916035399684,-0.09951950533703524
117.73335841644325,98.80973545938181,-0.1096009687204118
117.92717879268446,98.7884070884738,-0.11957151010949962
118.12026662636754,98.76520862025046,-0.12943207257744938
118.312611751081,98.7401730314722,-0.1391835928201206
118.50420473080409,98.71333289156951,-0.1488270011852295
118.99867757500917,98.63919379025492,-0.14174748577968055
119.18844229275138,98.6121135063729,-0.15132616829347212
119.37745292952427,98.58329090556991,-0.1607982502832468
119.56570179596925,98.55275720188693,-0.17016464593126868
119.75318184414829,98.52054319431727,-0.17942626315998655
119.93988664542569,98.4866792644772,-0.18858400365852734
120.1258103688839,98.45119537480002,-0.1976387629087033
120.31094776026971,98.41412106722505,-0.2065914302105809
120.80031565122916,98.3115585628782,-0.1989128799871165
121.29045663926325,98.21275668106944,-0.19130498207537894
121.47299072554793,98.17740467896455,-0.20024646837774895
121.96299951673102,98.0779492388756,-0.19261689335942522
122.1438559383637,98.04267592578583,-0.20150185771693208
122.32395374415553,98.00588661148866,-0.2102863085219253
122.5032888947052,97.96760899808127,-0.21897111910940126
122.68185784645466,97.92787038161147,-0.22755715669295462
122.85965753350499,97.88669765254096,-0.23604528238924694
123.34579274521137,97.76976794742211,-0.22804026627362495
123.83284839533708,97.65673346737015,-0.22010894214080068
124.008263260987,97.61748723041637,-0.2285917211567603
124.49525650364245,97.50418417834844,-0.2206463110871013
124.98313460428771,97.39475402294889,-0.2127740245367966
125.47185904404442,97.28916793492358,-0.20497417195525625
125.64402261316707,97.25337618381131,-0.21349379482406983
126.13267092860487,97.14743835383643,-0.20567831565290495
126.62213226685496,97.04532274112997,-0.19793472877696416
126.79186292408168,97.0112814253751,-0.20644388405812153
127.28124594241724,96.90879112649382,-0.19868428202793442
127.44942140633982,96.87493057476554,-0.20713922824422637
127.6169147663765,96.83973125508037,-0.21549771554938468
128.10534980981154,96.73281442598127,-0.20763707517032381
128.59461018929392,96.62974027272858,-0.199848734144203
128.75973420333932,96.59629398117082,-0.2081968459816279
128.92419506745009,96.56155029218807,-0.2164495167239977
129.08799035476744,96.52553263625347,-0.22460758727279462
129.5754311456622,96.41417072457861,-0.2166369456868633
130.06374406929314,96.30669752505894,-0.20873962245243938
130.22525865467162,96.2724846719368,-0.21688897452353872
130.71354447644893,96.16488840689362,-0.2089807041118399
131.20266592091724,96.06115696247478,-0.20114515807004318
131.36189201426976,96.02869035967271,-0.2092839704696896
131.85098197798885,95.92481058594724,-0.20143703694328696
132.34087201339696,95.82477182741923,-0.1936622437911053
132.497803784447,95.79399433236222,-0.2017887074067075
132.9876586088864,95.69378330016798,-0.1940021138240291
133.4782788778923,95.5973895677963,-0.1862870862429653
133.63291237951557,95.56824543233745,-0.19439940284259327
134.12349431363177,95.47165678953306,-0.18667218878132896
134.61480795522849,95.37886182425501,-0.17901597561790927
135.10681764817608,95.28983114389368,-0.17143009513750052
135.2582678815735,95.26361065296476,-0.17956396768744343
135.75022871254262,95.1743103685748,-0.17196453103021225
135.90024947455086,95.1482547738744,-0.1800425028152155
136.39216751587014,95.05871907917901,-0.17243020377675933
136.88475287054723,94.97293056970587,-0.16488781215686243
137.37797125867394,94.89085973680119,-0.15741467058396585
137.5247931692525,94.86755500309887,-0.1655086629204292
138.0179605085863,94.78517797101833,-0.15802137050518894
138.51173079978045,94.70649570151605,-0.1506028041053753
139.00607120796818,94.63147863124021,-0.14325231800519544
139.1496586221076,94.61076753476132,-0.15135718078023297
139.64394229851203,94.53537756699299,-0.14399134037083794
139.7861313477101,94.51476089256015,-0.15203713119774465
140.28036364841668,94.43903485385319,-0.14465667756697975
140.77514137594028,94.36695850303998,-0.13734393393454303
140.9150300455525,94.34762391796232,-0.1453633670330241
141.409756713934,94.27519793096796,-0.1380358062717737
141.90500080173032,94.20639899563649,-0.1307754527709175
142.40073133695194,94.14119748914429,-0.12358167582753232
142.89691808614404,94.07956381388368,-0.11645385091938065
143.03263679703298,94.06368701130384,-0.1245059345233348
143.52876636883812,94.00159475751626,-0.11736130981927584
144.025326900142,93.94304871793067,-0.1102821699754637
144.15873996895914,93.92827569597799,-0.11830116724727802
144.65524525602706,93.8692629862151,-0.11120513091691597
145.15215679551858,93.81377495218851,-0.10417411772218532
145.6494461864983,93.76178205249064,-0.09720751841016861
145.77961024891366,93.74908912201273,-0.10521899138374424
146.2768450424312,93.69657664620452,-0.09823456779643003
146.77443447429394,93.64753832141186,-0.09131411538168921
146.90231302967473,93.63582863999203,-0.09928751662629764
147.39985055086132,93.58626640627057,-0.09234921574765975
147.89771997129378,93.54015740283116,-0.08547444785721225
148.39589461271177,93.49747219874345,-0.07866261831937926
148.8943484583537,93.45818143946443,-0.07191313829298318
149.0180233185271,93.44927222885126,-0.0798949629863821
149.51642836592936,93.4093672326242,-0.07312602126602474
150.01509210780256,93.37283679954486,-0.06641902151541856
150.13650510535314,93.3647607878155,-0.07435623885531495
150.63512352950872,93.32761691762772,-0.06762985141792477
151.13398051606686,93.2938277631243,-0.06096500166670449
151.63305162096768,93.263364141327,-0.05436111446383052
151.75125286506395,93.25693225302805,-0.06227294724281851
152.25028369833095,93.22581589963043,-0.05564900822504404
152.7495096950779,93.19800575450462,-0.049085643069215035
153.2489074659211,93.17347278736327,-0.04258228603642067
153.74845422164333,93.15218807812643,-0.036138376875947564
153.86248515578203,93.14806539037768,-0.044038127962941154
154.36200039495458,93.1260534428427,-0.037572858406696774
154.86164750655016,93.1072714335227,-0.031166674709712794
155.36140468580345,93.09169061888794,-0.024819025597059508
155.47225966757392,93.08893874119704,-0.032681012925689146
155.97199267918668,93.07260114332139,-0.02631152490392985
156.47181961508554,93.05944689876459,-0.02000022264355561
156.97171961619242,93.04944745411841,-0.013746563619051688
157.4716723749334,93.04257438877858,-0.0075500105492540825
157.5784079350366,93.04176851886152,-0.015383130754774932
158.07834877602517,93.0340772568368,-0.009163678309096035
158.5783277829219,93.0294954818071,-0.0030010064662548963
159.0783255314135,93.02799498082624,0.0031054136849690828
159.57832312051676,93.02954768517311,0.009156105953571636
160.07830216209396,93.03412567418387,0.015151589099382967
160.1799853727413,93.03566645431768,0.007346695262617775
160.679971879319,93.03933976890491,0.013366593300019769
161.17992721352974,93.04602286654392,0.01933157548872977
161.67983378898637,93.05568805226625,0.025242152727941836
162.17967450587537,93.06830778838554,0.03109883100164268
162.67943274103868,93.0838546976043,0.03690211142941724
163.1790923382132,93.1023015659346,0.04265249031664453
163.27481973045244,93.10638705539402,0.03488580001839248
163.77451550654723,93.12382641756159,0.0406624041662047
164.27410220572062,93.14415201740083,0.04638636144558017
164.77356437853538,93.16733688157838,0.05205816091196702
165.27288701849992,93.19335420693321,0.05767828693088539
165.77205555285113,93.22217736278763,0.06324721922605248
166.27105583348992,93.25377989310003,0.06876543292693738
166.76987412806773,93.28813551846494,0.07423339861575684
167.26849711122298,93.32521813796595,0.07965158237391945
167.35648257641856,93.332241178046,0.07194558447474586
167.855189092722,93.36818294478334,0.07739235919634879
168.35369244565354,93.40684050698883,0.08278955541774069
168.8519798965337,93.44818801350402,0.08813763277882769
169.35003909282963,93.49219979584328,0.09343704653035001
169.84785805989512,93.53885036957502,0.0986882475784836
170.34542519285353,93.58811443557823,0.10389168252892711
170.84272924862304,93.63996688117896,0.10904779373047724
171.33975933808205,93.69438278117106,0.11415701931810318
171.83650491837315,93.75133739872587,0.11921979325552723
172.3329557853444,93.81080618619485,0.12423654537731466
172.82910206612593,93.8727647858093,0.12920770143048577
173.32493421184031,93.93718903028115,0.13413368311565232
173.82044299044514,94.00405494330879,0.1390149081276868
174.31561947970596,94.0733387399915,0.14385179019593064
174.81045506029798,94.14501682715617,0.14864473912394827
175.30494140903477,94.2190658035999,0.15339416082883428
175.79907049222234,94.29546246025177,0.15810045738007705
176.29283455913685,94.37418378025708,0.1627640270379871
176.7862261356242,94.45520693898736,0.16738526429169642
177.2792380178198,94.53850930397905,0.17196455989673343
177.77186326598692,94.62406843480404,0.17650230091217978
178.26409519847164,94.7118620828748,0.18099887073741527
178.75592738577302,94.80186819118695,0.18545464914845589
179.24735364472662,94.89406489400207,0.1898700123338899
179.73836803279963,94.98843051647323,0.19424533293041968
180.22896484249594,95.08494357421584,0.19858098005801095
180.71913859586965,95.18358277282633,0.20287731935465736
181.20888403914503,95.28432700735084,0.20713471301076636
181.69819613744158,95.38715536170653,0.21135351980316752
182.18707006960233,95.49204710805739,0.21553409512875188
182.6755012231237,95.5989817061469,0.2196767910377453
183.16348518918556,95.70793880258958,0.22378195626662167
183.65101775777973,95.81889823012338,0.22784993627066052
184.13809491293495,95.93184000682488,0.23188107325615226
184.62471282803742,96.04674433528916,0.23587570621225717
185.11086786124488,96.16359160177612,0.23983417094252246
185.5965565509927,96.28236237532508,0.24375680009605993
186.08177561159042,96.4030374068392,0.24764392319839335
186.56652192890755,96.52559762814151,0.25149586668197177
187.05079255614658,96.65002415100393,0.2553129539163628
187.53458470970207,96.77629826615096,0.2590955052381201
188.01789576510424,96.90440144223943,0.26284383798033684
188.50072325304563,97.03431532481568,0.2665582665018862
188.98306485548918,97.16602173525158,0.2702391022163506
189.4649184018566,97.2995026696607,0.2738866536206479
189.94628186529548,97.43474029779584,0.27750122632335517
190.42715335902352,97.57171696192923,0.2810831230727344
190.90753113274903,97.71041517571642,0.2846326437844655
191.3874135691657,97.85081762304517,0.2881500855690864
191.86679918052081,97.99290715687027,0.29163574275915005
192.34568660525534,98.13666679803542,0.2950899069360937
192.82407460471458,98.28207973408321,0.2985128669568322
193.30196205992814,98.42912931805404,0.30190490898007205
193.779347968458,98.57779906727502,0.30526631649235325
194.25623144131333,98.72807266213978,0.3085973703338216
194.73261169993083,98.87993394487988,0.31189834872373456
195.20848807321948,99.03336691832887,0.31516952728570136
195.68385999466832,99.1883557446796,0.31841117907266625
196.1587269995163,99.34488474423571,0.3216235745916327
196.63308872198277,99.50293839415794,0.32480698182813317
197.10694489255775,99.66250132720593,0.3279616662704474
197.58029533535057,99.82355833047636,0.3310878909335746
198.053139965496,99.98609434413784,0.3341859163829586
198.52547878661667,100.15009446016342,0.337256000757971
198.99731188834062,100.3155439210611,0.34029839979515497
199.4686394438731,100.48242811860315,0.34331336685123137
199.93946170762143,100.65073259255448,0.3463011529258728
200.40977901287206,100.82044302940086,0.34926200668424334
200.87959176951853,100.99154526107748,0.3521961744793134
201.34890046183958,101.16402526369804,0.3551039003739449
201.81770564632652,101.33786915628528,0.35798542616275597
202.28600794955847,101.51306319950297,0.36084099139376224
202.75380806612503,101.68959379439005,0.36367083338980155
203.22110675659516,101.86744748109722,0.36647518726974226
203.68790484553136,102.04661093762637,0.36925428596947896
204.15420321954838,102.22707097857331,0.37200836026271444
204.62000282541544,102.40881455387395,0.3747376387815371
205.08530466820127,102.59182874755446,0.3774423480367881
205.55010980946096,102.77610077648562,0.3801227124382276
206.01441936546382,102.96161798914174,0.38277895431449815
206.47823450546142,103.14836786436436,0.3854112939328882
206.9415564499951,103.336338010131,0.3880199495188985
207.40438646924204,103.52551616232934,0.3906051372756152
207.86672588139922,103.7158901835369,0.3931670714028872
208.32857605110433,103.90744806180662,0.3957059641163161
208.78993838789307,104.10017790945842,0.3982220256660547
209.250814344692,104.29406796187706,0.4007154643554198
209.71120541634625,104.48910657631643,0.40318648655932243
210.1711131381813,104.68528223071047,0.4056352967425121
210.63053908459844,104.88258352249093,0.4080620974776439
211.08948486770254,105.08099916741206,0.41046708946316546
211.27426011352688,105.16141088617897,0.3983074612410169
211.7351195035309,105.35534031309028,0.40081341471857357
212.19549146886848,105.55042402206449,0.40329685254166403
212.65537753677856,105.74665043342893,0.40575797999414975
212.83594389918403,105.8242212190933,0.39370377463230977
213.0168999624427,105.8993887615704,0.3817768964825561
213.19820911036106,105.97217977062083,0.36997628931296145
213.37983590882703,106.04262116060471,0.35830090397843284
213.5617460826561,106.11074002053648,0.34674969837056047
214.03198721773313,106.28066139898093,0.3497841231472325
214.21260669272672,106.34654847052992,0.3383460008803203
214.39345019591943,106.41018314005787,0.3270300552323562
214.5744868879335,106.47159256768859,0.315835263911985
214.75568698827036,106.53080398512996,0.30476061149825595
214.93702175225522,106.58784467227387,0.2938050893985018
215.11846344805494,106.64274193496966,0.2829676958076206
215.29998533379808,106.6955230839329,0.2722474356686839
215.48156163482363,106.74621541475186,0.2616433206347919
215.66316752108284,106.79484618895465,0.2511543690321125
215.84477908471678,106.84144261610031,0.2407796058240299
216.02637331783046,106.88603183685798,0.2305180625763401
216.20792809048262,106.928640907039,0.22036877742343108
216.38942212890848,106.96929678254698,0.2103307950353832
216.57083499399144,107.00802630521227,0.20040316658593493
216.75214705999826,107.04485618947734,0.1905849497212575
216.93333949359032,107.07981300990075,0.18087520852948202
217.42518280744682,107.16975829646363,0.18559470627682195
217.91659614873515,107.26202382611739,0.19027172720380348
218.0948176430587,107.29634957639743,0.18063335749024434
218.27290374776078,107.32887236149094,0.1711018570959415
218.45083773532443,107.35961781749582,0.16167630668575228
218.62860358582276,107.38861140834531,0.1523557932826951
218.80618596771987,107.41587841676743,0.1431394102400434
219.3010724847335,107.48720397481846,0.14825438468959007
219.7955877010941,107.56105992067934,0.1533233071268323
219.9702680723825,107.58805435385455,0.1441710425686602
220.1447563789821,107.61338626901464,0.1351213844124306
220.31903904261375,107.63707995774472,0.12617344216105275
220.49310309797227,107.65915951019885,0.1173263315709443
220.66693617536512,107.6796488087942,0.1085791746257252
221.16399171052464,107.7338317850184,0.11405903975491505
221.3363016294942,107.7535709619555,0.1053898553417647
221.83352744320655,107.80616839649558,0.11090893145112002
222.0043249890937,107.82518942506918,0.10231709558315405
222.17487783850927,107.84270104844735,0.09382291145747779
222.67267876763304,107.88954370957507,0.09946690716862516
222.8417360309056,107.90641498901958,0.09104816328908782
223.01053824251906,107.92182673048752,0.08272551580690113
223.17907589320913,107.93580098678564,0.07449811939238193
223.34733995759117,107.94835958502452,0.06636513480862183
223.84623927881208,107.98151779995204,0.07229700256259086
224.34493313366463,108.01763481895172,0.07817542108714859
224.8434060624247,108.05668272823755,0.08400088334887457
225.34164306227905,108.09863379377079,0.08977387759618205
225.50487694699478,108.11332742748982,0.08164789944752604
226.00321127768353,108.15410603433311,0.08745203783295086
226.50130053109515,108.19777633948041,0.09320391455106902
226.9991303602859,108.24431085441623,0.09890401115184622
227.49668685218128,108.29368227612554,0.1045528045850741
227.6549105362703,108.31028554857266,0.09644130712920918
228.15258710641953,108.35843148742944,0.10212217083897679
228.64998213697876,108.40940386695966,0.10775191836475972
229.14708232520977,108.46317563238182,0.1133310202621618
229.64387478039023,108.51971991916139,0.11885994259980137
229.79711932178267,108.53802082096675,0.11077035519001832
230.2940549390447,108.5932928046673,0.11633216174331906
230.790675459799,108.65132777900953,0.12184395779989332
231.28696856160462,108.71209912897343,0.12730620331922093
231.7829223133085,108.7755804336394,0.13271935388247957
231.93122896156234,108.79537998550268,0.12465907725329295
232.42734901843787,108.85754821718201,0.13010581621001371
232.92312310368274,108.92241774977136,0.13550361274754152
233.41853981561306,108.9899624119817,0.1408529166046324
233.91358812416797,109.06015622968555,0.14615417324620328
234.40825736278256,109.13297342689242,0.15140782390681107
234.5504942767709,109.15467529611247,0.14337181354281459
235.04536420400484,109.22611586548003,0.14866018780222046
235.5398494085515,109.30017248104963,0.15390108444934913
236.03393970080313,109.37681961355092,0.15909493925429175
236.52762523645333,109.45603193393259,0.16424218385538936
237.02089650883855,109.5377843139719,0.16934324580105775
237.5137443414187,109.62205182678379,0.17439854859112724
238.00615988039482,109.70880974723357,0.17940851171770555
238.1400601979814,109.73309371073269,0.17139117224166212
238.63273442349276,109.81837036223418,0.17643778202352722
239.1249720190712,109.9061322518239,0.18143914206564382
239.61676453135723,109.99635489097211,0.18639566698195242
240.10810381375015,110.08901399372472,0.19130776746840317
240.59898201945452,110.18408547682651,0.19617585034232254
241.08939159465632,110.28154545976342,0.20100031858132716
241.21626045251054,110.3073952014354,0.19303249098596353
241.7069739561478,110.40331317189501,0.19789471392895663
242.19721528653466,110.5016159576006,0.20271338620926205
242.68697723824033,110.60227990519748,0.20748890633852302
243.17625288440715,110.70528156411238,0.21222166907209905
243.66503557032468,110.81059768635726,0.2169120654465968
244.15331890712625,110.91820522626529,0.22156048281697371
244.641096765606,111.02808134016232,0.226167304893226
245.12836327015467,111.14020338597643,0.2307329117766641
245.61511279281243,111.25454892278842,0.23525767999578173
246.10133994743683,111.37109571032576,0.2397419825417244
246.5870395839843,111.48982170840281,0.24418618890336408
246.70142914664865,111.51832280167345,0.2362842858685097
247.18753639741595,111.63536869135056,0.24076888301856236
247.67311385806872,111.75459339191852,0.24521339183570534
248.15815662925579,111.87597506112155,0.24961817820427878
248.64266003640253,111.99949205566693,0.2539836045769919
249.12661962432452,112.1251229305137,0.2583100300088246
249.61003115194774,112.25284643811698,0.26259781019055906
250.0928905871335,112.38264152763021,0.2668472974819376
250.5751941016063,112.5144873440673,0.2710588409444612
251.0569380659832,112.64836322742669,0.27523278637382553
251.53811904490277,112.78424871177928,0.2793694763320045
252.0187337922522,112.92212352432232,0.28346925017898394
252.49877924649056,113.0619675844006,0.28753244410415046
252.97825252606708,113.20376100249733,0.29155939115733887
253.45715092493236,113.34748407919577,0.2955504212795441
253.93547190814135,113.49311730411371,0.29950586133330326
254.41321310754614,113.64064135481219,0.30342603513274735
254.89037231757723,113.79003709567993,0.3073112634733324
255.36694749111172,113.94128557679511,0.3111618641612508
255.84293673542678,114.09436803276564,0.3149781520425283
256.31833830823706,114.24926588154966,0.3187604390318093
256.7931506138145,114.40596072325721,0.3225090341408361
257.26737219918874,114.56443433893456,0.3262242435066267
257.74100175042753,114.72466868933235,0.3299063704193501
258.2140380889946,114.88664591365873,0.33355571534991
258.6864801681844,115.0503483283186,0.33717257597723505
259.15832706963215,115.21575842564013,0.3407572472152811
259.6295779998975,115.38285887258938,0.3443100212397501
260.10023228712083,115.55163250947437,0.3478311875145277
260.57028937775067,115.72206234863924,0.35132103281784444
261.0397488333408,115.89413157314964,0.3547798412681611
261.5086103274163,116.06782353547018,0.3582078943497864
261.9768736424062,116.24312175613481,0.3616054709382248
262.4445386666427,116.42000992241087,0.3649728473252627
262.911605391425,116.59847188695775,0.3683102972437924
263.3780739081464,116.77849166648087,0.37161809189237927
263.84394440548397,116.96005344038164,0.3748964999595752
264.3092171666493,117.14314154940418,0.37814578764797924
264.7738925666993,117.32774049427945,0.38136621869805065
265.2379710699055,117.5138349343675,0.38455805441167756
265.7014532271814,117.70140968629823,0.3877215536755019
266.1643396735663,117.89044972261165,0.3908569729840057
266.62663112576456,118.08094017039774,0.39396456646235967
267.0883283797391,118.27286630993686,0.3970445858890401
267.5494323083585,118.46621357334104,0.40009728071821193
268.00994385909655,118.66096754319656,0.4031228981018864
268.46986405178234,118.85711395120853,0.4061216829118499
268.92919397640156,119.05463867684774,0.4090938777613724
269.3879347909464,119.25352774600026,0.41203972302669367
269.8460877193141,119.45376732962023,0.41495945686829305
270.3036540492525,119.65534374238626,0.4178533152519428
270.76063513035245,119.85824344136174,0.42072153196954876
271.21703237208544,120.0624530246594,0.4235643386597814
271.6728472418857,120.26795923011068,0.4263819648284968
272.12808126327616,120.47474893393986,0.4291746378689556
272.58273601403727,120.6828091494437,0.4319425830818342
273.0368131244175,120.8921270256764,0.43468602369503895
273.4903142753852,121.10268984614066,0.43740518088331903
273.9432411969203,121.31448502748471,0.4401002737876847
274.39559566634637,121.52750011820572,0.44277151953463
274.8473795067,121.74172279735987,0.44541913325516447
275.29859458513926,121.95714087327919,0.4480433281036533
275.74924281138846,122.17374228229545,0.45064431527647253
276.1993261362197,122.39151508747133,0.4532223040304757
276.64884654996973,122.61044747733898,0.45577750170127906
277.09780608109156,122.83052776464613,0.4583101137213639
277.54620679474067,123.0517443851101,0.46082034363800073
277.9940507913943,123.27408589617957,0.46330839313099403
278.4413402055033,123.49754097580455,0.46577446203025286
278.8880772041766,123.72209842121448,0.46821874833318766
279.3342639858966,123.94774714770467,0.47064144822193477
279.77990277926534,124.17447618743124,0.47304275608041246
280.2249958417811,124.40227468821448,0.47542286451120663
280.669545458644,124.63113191235105,0.47778196435229203
281.11355394159096,124.86103723543478,0.4801202446935888
281.55702362775844,125.09198014518635,0.48243789289335703
281.9999568785732,125.32395024029194,0.4847350945944289
282.44235607866983,125.55693722925072,0.48701203374028346
282.88422363483505,125.79093092923156,0.48926889259096207
283.3255619749778,126.0259212649387,0.49150585173883155
283.7663735471247,126.26189826748664,0.4937230901241887
284.2066608184406,126.49885207328423,0.49592078505071635
284.6464262742729,126.73677292292797,0.4980991122007876
285.08567241722056,126.97565116010462,0.5002582456506195
285.52440176622554,127.21547723050305,0.5023983578852809
285.9626168556875,127.4562416807355,0.5045196198135535
286.40032023460077,127.69793515726809,0.5066222007826502
286.8375144657132,127.94054840536074,0.5087062685927863
287.2742021247061,128.18407226801648,0.510771989511615
287.71038579939545,128.42849768494006,0.5128195282885186
288.14606808895326,128.67381569150595,0.5148490481687626
288.58125160314927,128.9200174177358,0.5168607109075145
289.0159389616119,129.16709408728514,0.5188546767837243
289.4501327931085,129.41503701643944,0.5208311046138725
289.8838357348445,129.66383761311965,0.522790151765586
290.3170504317808,129.91348737589692,0.5247319741711212
290.7497795359687,130.16397789301664,0.5266567263407174
291.1820257059031,130.4153008414318,0.5285645613758221
291.61379160589223,130.6674479858456,0.53045563098219
292.04507990544465,130.9204111777633,0.5323300854828537
292.47589327867234,131.17418235455318,0.5341880738309706
292.90623440370985,131.42875353851673,0.5360297436225481
293.33610596214936,131.68411683596798,0.5378552411090447
293.76551063849104,131.9402644363219,0.5396647112098512
294.19445111960823,132.19718861119182,0.5414582975246516
294.62293009422757,132.4548817134958,0.5432361423456662
295.0509502524234,132.7133361765722,0.5449983866697776
295.47851428512604,132.97254451330386,0.5467451702105404
295.90562488364407,133.23249931525132,0.5484766314100762
296.33228473919985,133.49319325179488,0.5501929074508558
296.75849654247816,133.75461906928533,0.5518941342673669
297.18426298318775,134.0167695902034,0.5535804465576719
297.6095867496355,134.27963771232808,0.5552519777948568
298.0344705283126,134.54321640791315,0.5569088602383676
298.45891700349296,134.80749872287274,0.5585512249452425
298.882928856843,135.07247777597496,0.5601792017812341
299.30650876704357,135.3381467580443,0.5617929194318281
299.72965940942214,135.60449893117223,0.5633925054131552
300.1523834555967,135.8715276279361,0.5649780860828013
300.57468357312985,136.13922625062645,0.5665497866505143
300.99656242519364,136.4075882704824,0.5681077311888085
301.41802267024445,136.6766072269352,0.5696520426434697
301.83906696170794,136.94627672685996,0.5711828428439594
302.2596979476736,137.2165904438352,0.5727002525137217
302.67991827059905,137.48754211741053,0.5742043912803916
303.09973056702336,137.75912555238207,0.5756953776859075
303.5191374672898,138.03133461807587,0.5771733291965275
303.93814159527705,138.30416324763894,0.5786383622127507
304.35674556813944,138.57760543733795,0.580090592079145
304.77495199605545,138.85165524586574,0.5815301330940832
305.1927634819846,139.12630679365523,0.582957098519385
305.61018262143244,139.40155426220082,0.5843716005898703
306.02721200222317,139.67739189338732,0.5857737505228191
306.44385420428034,139.9538139888262,0.5871636585273468
306.86011179941477,140.23081490919915,0.5885414338136874
307.27598735112,140.50838907360878,0.58990718460239
307.69148341437494,140.78653095893662,0.5912610181334306
308.10660253545325,141.0652350992081,0.5926030406752352
308.5213472517399,141.3444960849647,0.5939333575336203
308.9357200915541,141.62430856264288,0.5952520730606485
309.34972357397925,141.90466723396005,0.596559290663401
309.7633602086984,142.18556685530737,0.5978551128126672
310.1766324958367,142.4670022371492,0.5991396410515533
310.5895429258097,142.74896824342935,0.6004129760040087
311.0020939791774,143.03145979098403,0.6016752173832756
311.41428812650406,143.31447184896115,0.6029264640002552
311.82612782822383,143.5979994382463,0.6041668137717977
312.2376155345118,143.8820376308951,0.6053963637289153
312.64875368516044,144.16658154957202,0.6066152100249163
313.0595447094611,144.45162636699536,0.6078234479434643
313.46999102609067,144.73716730538854,0.6090211719065612
313.88009504300356,145.0231996359376,0.6102084754824562
314.289859157328,145.3097186782548,0.6113854513934798
314.6992857552674,145.5967197998482,0.6125521915238057
315.1083772120062,145.88419841559735,0.6137087869271385
315.5171358916202,146.17214998723483,0.614855327834332
315.92556414699163,146.46057002283365,0.6159919036609338
316.3336643197278,146.74945407630048,0.61711860301466
316.7414387400845,147.0387977468746,0.6182355137028019
317.1488897268934,147.32859667863255,0.6193427227395611
317.3131503764099,147.44570092140418,0.6095749824550563
317.7230958521105,147.73196027870375,0.610770836403705
318.1326987013642,148.018709659802,0.611956307462945
318.29527767545153,148.13281324031337,0.6023276208807444
318.707286969746,148.41609406744143,0.6035997044640005
318.8693400368955,148.52781902641564,0.59409341701984
319.03203118756477,148.63771697803594,0.5846932333370134
319.44897162877515,148.91368859314582,0.5861447023717137
319.61106981880897,149.02131957842784,0.5768642248212612
319.7737502848848,149.12717507928423,0.5676878867725961
320.1953231891249,149.3960169050214,0.5693128592045218
320.3573511817902,149.49971474452389,0.5602536018896247
320.5199097820553,149.60168822188123,0.5512965504817915
320.68297514153215,149.70195557122452,0.5424408219086736
320.8465241036788,149.80053509073116,0.5336855392087956
321.01053418938596,149.8974451289573,0.5250298315074127
321.174983582664,149.9927040718176,0.516472833992669
321.3398511164432,150.08633033019098,0.5080136878920323
321.5051162584969,150.1783423281307,0.49965154044897364
321.67075909749906,150.2687584916585,0.4913855448998601
322.1115986940482,150.5046822660914,0.4937846328770119
322.55187100683594,150.7416629661349,0.496162911251707
322.9915784547057,150.97969007739758,0.4985205651594744
323.4307234807481,151.21875319612087,0.5008577780545669
323.86930855122057,151.45884202803273,0.5031747317256365
324.30733615449304,151.69994638721025,0.505471606311259
324.74480880001965,151.94205619495116,0.5077485803153068
325.1817290173354,152.18516147865455,0.5100058306221702
325.61809935507756,152.42925237071046,0.5122435325118309
326.05392238003117,152.6743191073987,0.5144618596747885
326.48920067619804,152.92035202779687,0.5166609842268421
326.92393684388895,153.16734157269738,0.5188410767237284
327.35813349883847,153.41527828353387,0.5210023061756148
327.7917932713419,153.66415280131673,0.5231448400614567
328.2249188054136,153.91395586557792,0.5252688443432105
328.6575127579672,154.1646783133249,0.5273744834799121
329.0895777980156,154.41631107800416,0.5294619204416184
329.5211166058922,154.66884518847345,0.5315313167232123
329.9521318724911,154.92227176798386,0.5335828323580776
330.38262629852767,155.1765820331707,0.5356166259316382
330.8126025938172,155.4317672930538,0.5376328545947691
331.24206347657287,155.6878189480471,0.5396316740770777
331.67101167272153,155.94472848897723,0.541613238700057
332.09944991523736,156.20248749611153,0.5435777013901109
332.52738094349303,156.461087638195,0.545525213691457
332.9548075026279,156.72052067149664,0.5474559257789027
333.38173234293254,156.9807784388646,0.5493699864705013
333.8081582192501,157.24185286879074,0.5512675432400833
334.23408789039337,157.50373597448396,0.5531487422296721
334.65952411857717,157.76641985295274,0.5550137282617764
335.0844696688664,158.0298966840965,0.5568626448515674
335.5089273086388,158.29415872980613,0.5586956342189389
335.9328998070623,158.55919833307306,0.5605128373004526
336.35638993458673,158.82500791710754,0.5623143937611688
336.77940046244925,159.09157998446554,0.5641004420063642
337.20193416219377,159.3589071161844,0.5658711191931389
337.62399380520327,159.62698197092732,0.5676265612419109
338.0455821622456,159.8957972841363,0.5693669028478032
338.46670200303157,160.16534586719402,0.5710922774919212
338.887356095786,160.4356206065939,0.5728028174525237
339.30754720683046,160.70661446311888,0.5744986538160872
339.7272781001782,160.97832047102878,0.5761799164882655
340.14655153714057,161.25073173725568,0.5778467342047442
340.565370275945,161.52384144060792,0.579499234541994
340.9837370713639,161.79764283098237,0.5811375439279214
341.40165467435463,162.07212922858474,0.5827617876524176
341.8191258317097,162.34729402315824,0.584372089877808
342.23615328571776,162.6231306732202,0.585968573649204
342.6527397738346,162.89963270530686,0.5875513609047545
343.0688880283638,163.17679371322598,0.589120572485804
343.48460077614754,163.45460735731743,0.5906763281469516
343.8998807382664,163.73306736372172,0.5922187465660151
344.31473062974857,164.01216752365613,0.5937479453539041
344.72915315928816,164.29190169269873,0.5952640410643966
345.1431510289722,164.5722637900799,0.5967671492038256
345.5567269340164,164.8532477979815,0.5982573842406738
345.9698835625089,165.1348477608438,0.599734859615078
346.38262359516295,165.4170577846793,0.6011996877482435
346.79494970507676,165.6998720363945,0.6026519800517707
347.20686455750194,165.98328474311882,0.6040918469368943
347.618370809619,166.26729019154052,0.6055193978236342
348.0294711103207,166.55188272725022,0.6069347411498622
348.44016810000227,166.8370567540912,0.6083379843802832
348.85046441035934,167.12280673351705,0.6097292340153304
349.26036266419214,167.40912718395603,0.6111085955999798
349.66986547521697,167.69601268018255,0.6124761737324804
350.078975447884,167.98345785269538,0.613832072073003
350.4876951772016,168.2714573871028,0.6151763933522081
350.89602724856707,168.56000602351423,0.6165092393797327
351.30397423760326,168.84909855593878,0.6178307110525996
351.7115387100013,169.1387298316902,0.619140908363546
351.8737866866715,169.25434982634027,0.596558084445554
352.0382041321167,169.36600501939236,0.5741889761000549
352.204665907684,169.47368822237163,0.5520317751642123
352.3730490304962,169.5773960981586,0.5300846937940458
352.54323275207287,169.67712899850187,0.5083459639843753
352.7150986287609,169.77289080308933,0.4868138371023507
353.157007691225,170.0067943484552,0.489442609932325
353.3290261996917,170.0984238585179,0.4680632424283431
353.5025038483563,170.18612232493146,0.44688750205544014
353.6773296942309,170.26990272364077,0.4259136898478424
353.853395285846,170.3497809448179,0.4051401245883204
354.31291337152817,170.5468523576463,0.40859613308712506
354.48857757846736,170.62290848741264,0.3879636742025432
354.9514124528529,170.8120582270915,0.39159839986217815
355.12656579748847,170.88438335545789,0.37110459171897636
355.30267324843555,170.95291283521132,0.35080710374273893
355.7722148683831,171.12473849745913,0.35482278247394783
356.24106251368653,171.29844822565462,0.35880414314810327
356.4148540342439,171.36362668130732,0.3385787320403377
356.88646117154826,171.52969774405796,0.34273046931941487
357.0594486714077,171.59142175781176,0.32263665489575555
357.53364299844475,171.74995354247403,0.3269560616811833
357.7017268164885,171.8069553599497,0.3100687278400356
358.1778757617871,171.95951504699653,0.3145223141155884
358.3446596047756,172.0137733536683,0.29775195866451165
358.51181092891596,172.06506788336554,0.2811473843408998
358.6835749500404,172.11467281650854,0.26159915259091626
358.8514119425306,172.15960858529812,0.24535312827099887
359.01943349295095,172.2016808297677,0.22926859302832892
359.2109569660967,172.2463770437001,0.2162760166587776
359.3790085816299,172.28330007645891,0.20048112955351582
359.5470987884879,172.31745785283314,0.1848440349985836
359.7151791642868,172.34888525567723,0.16936343866990233
359.8878199828913,172.37840710763578,0.15089113145648447
360.05580918268305,172.4039493325398,0.13575117595473474
360.2283187080679,172.4275126260703,0.11760554634967768
360.3960080340435,172.44732524842414,0.1028007840463312
360.56345407610246,172.46459972798914,0.08814567856099265
360.7353469910264,172.47979070893106,0.07046412334268393
360.9264032266992,172.4932756449132,0.05911640120429107
361.0928111901194,172.50312456067877,0.044905004833514006
361.2831352156357,172.51167681115956,0.03382791022679088
361.44864896182827,172.51727793197563,0.019875364201376033
361.6137210785947,172.52055923249804,0.006065433560005218
361.80278115812547,172.52170597791203,-0.0045997544151781256
361.9913240945264,172.52083872059146,-0.0151492573153309
362.1594842699722,172.51829102392165,-0.03182022542957208
362.327060564008,172.51295690803556,-0.04832619635440505
362.48932838910537,172.5051090109246,-0.06143394131615443
362.98837513986757,172.47441197421045,-0.053180977524533546
363.14864090934935,172.4658808397775,-0.06622099672064419
363.30830689653226,172.4552921164752,-0.07912601406384523
363.46735190355315,172.44268118932672,-0.09189715895482431
363.6507078406079,172.42578370592142,-0.10148510392493204
363.80842849129505,172.40972223114343,-0.11402153563473183
363.9654762584558,172.39173739618374,-0.1264271887825137
364.12183394423084,172.37186353368264,-0.13870316310671393
364.30255094608333,172.34663552241983,-0.14778405968334996
364.45748041744844,172.32357126239125,-0.15983363697065922
364.6368026754893,172.2946629418035,-0.168682024555598
364.7902657523097,172.26852813112933,-0.18050903048459643
364.96815335118765,172.23606445127373,-0.18912890072393385
365.4592265965091,172.14206484588937,-0.17954066076408326
365.6141244036965,172.1139516653728,-0.1945687326899641
365.76412128336716,172.08439301730382,-0.20609345474717022
365.91335072968496,172.05319484020566,-0.21749598894839517
366.0618025989926,172.0203882149267,-0.22877737576958612
366.54876348692784,171.90699738610422,-0.21876460988697533
366.69912785629685,171.8735679866764,-0.23338796219662594
366.84853250911533,171.83805152545156,-0.24786322510642922
366.9969566277647,171.80049026901406,-0.26219163014860003
367.1443807008061,171.76092612349768,-0.2763743997556176
367.2907864831013,171.71940061155522,-0.2904127473640381
367.43615695641944,171.6759548510692,-0.3043078775145678
367.5804762905679,171.63062953553336,-0.31806098594854415
367.7237298050802,171.58346491603538,-0.3316732597009673
368.1964675796157,171.4206561474563,-0.3205863246122247
368.3377707354641,171.37373781283958,-0.33415726029190473
368.4780072552948,171.32505098564891,-0.347588904986067
368.61716502880125,171.27463432901826,-0.3608824271280442
368.7552329612074,171.22252602294088,-0.37403898670294744
369.220650738459,171.0398415956714,-0.3624982489001405
369.6881456311631,170.8625405388554,-0.3510588546059932
369.8235749029536,170.8129424253776,-0.36427944791447286
369.9579430349583,170.76170832417918,-0.3773637365735065
370.0912404866724,170.70887466594522,-0.39031286976301693
370.2234586236759,170.65447738794697,-0.4031279883601959
370.35458968514007,170.59855192538933,-0.4158102250130469
370.48462675201665,170.54113320382746,-0.42836070421149186
370.61356371591916,170.48225563259965,-0.4407805423561513
370.7413952487017,170.42195309922434,-0.45307084782490126
370.86811677274136,170.36025896471128,-0.46523272103731284
370.9937244319265,170.29720605973833,-0.4772672545170691
371.11821506335275,170.2328266816469,-0.4891755329524532
371.5595634135658,169.99788389904387,-0.47641049174186145
371.68253552745887,169.93442328603226,-0.4882986956379809
371.80440589680467,169.86968516141704,-0.5000619267739985
371.92517267776816,169.80370025727026,-0.5117012538401542
372.04483462860964,169.7364987768456,-0.5232177378471534
372.16339108465485,169.668110394436,-0.5346124321798635
372.5936122741353,169.4133636415935,-0.5213578646880457
373.0271720375659,169.16434154885894,-0.5082208667225041
373.46396559782636,168.92103650980073,-0.49520030186432074
373.90388990585876,168.68343929044957,-0.48229504642998755
374.02004058018593,168.62263076243477,-0.49399236723637596
374.1351587092319,168.5606365043315,-0.5055664917060536
374.2492429695142,168.49748488793057,-0.5170184795540411
374.36229257910793,168.43320379216604,-0.5283493828035835
374.4743072749505,168.36782060351587,-0.5395602458387838
374.90326222200946,168.11094864786287,-0.5261770946812172
375.3356163153297,167.85984034747878,-0.5129127201165149
375.4460357513908,167.7976533329044,-0.5242167293815205
375.55545509137056,167.73438986053108,-0.535401009386832
375.98547447449454,167.47930439004108,-0.5220217865018135
376.41886801900694,167.22999495812553,-0.50876128843078
376.52668312872464,167.16986285332013,-0.520037885445483
376.63353233744675,167.1086796996131,-0.5311950701363957
376.7394156410443,167.04647077319805,-0.5422338783056242
376.8443334835432,166.98326089481642,-0.5531553381486845
376.9482867376942,166.9190744313922,-0.563960470304071
377.0512766861088,166.85393529806183,-0.574650287901719
377.15330500295323,166.78786696057276,-0.5852257966104246
377.2543737361928,166.72089243802517,-0.595687994684277
377.6682425223717,166.44036175412583,-0.581646189302135
378.0860094676746,166.16567004465875,-0.5677295114400174
378.1858860208232,166.10197178498416,-0.5782943208453228
378.284836130197,166.03738375028513,-0.5887460035216012
378.38286194881675,165.97192789220605,-0.599085550559991
378.4799659627992,165.90562573794315,-0.6093139456900221
378.889973744789,165.61948205793678,-0.5950909081906408
378.9861008639402,165.5544084090705,-0.6053170099816589
379.0813249825322,165.4885160824416,-0.6154330040423193
379.17564906246093,165.4218254937332,-0.6254398597363662
379.2690763509176,165.3543566524725,-0.6353385391782753
379.36161036636133,165.2861291659906,-0.6451299972757867
379.4532548849506,165.21716224357206,-0.6548151817717947
379.5440139274238,165.14747470077765,-0.6643950332856292
379.6338917464193,165.07708496392416,-0.6738704853537678
379.7009741463221,165.0235147408169,-0.691090654003157
379.76695465510727,164.96893755472993,-0.7081405792042075
379.89540647592247,164.8589441733289,-0.7310760636383091
380.0210095527657,164.74629614241087,-0.7537939964603217
380.0826474387623,164.68843614535717,-0.7702240648351815
380.1634554112802,164.61004407540088,-0.7785837662332762
380.22327933158556,164.55102997708764,-0.7947678285883719
380.34069888208205,164.43138918555454,-0.8168787258871717
380.4551599044429,164.3094847877936,-0.8387791362425565
380.56664246058824,164.1854163326124,-0.860470851366459
380.89267257919147,163.80635330961525,-0.8436524855324192
381.0024062948989,163.68302748994344,-0.8653346339567936
381.1091672678592,163.5576723529375,-0.8868098968788494
381.2129426509504,163.4303837043974,-0.9080800285316171
381.313722597596,163.30125588102447,-0.9291467646288796
381.41150014271005,163.17038168771742,-0.9500118227775474
381.50627108470417,163.03785234093,-0.9706769028777917
381.5980338687619,162.9037574178565,-0.9911436875111814
381.8718921371084,162.48544377774834,-0.9729680853722606
381.9623199265366,162.35264790217747,-0.9934438973037536
382.23521534765905,161.93370530646737,-0.9752254081362048
382.3243241570306,161.8022093416842,-0.9957107587031468
382.4104852719973,161.66927891739357,-1.0159992437538738
382.49370230469714,161.53499834362614,-1.0360925176661135
382.74848779155593,161.10480140853946,-1.0174182845269977
382.8305487788206,160.97196563717628,-1.0375271674359663
382.90970245036533,160.83787889546159,-1.0574423080071522
382.98595677355564,160.70262114210527,-1.0771653315865741
383.05932173139973,160.56627057051898,-1.0966978478604252
383.28758332417846,160.12143125814512,-1.0773844222570306
383.3600351879093,159.98670696304734,-1.0969409925642166
383.42964138118384,159.85097622252974,-1.1163084133624537
383.6491362084244,159.40174615453435,-1.0967755439800788
383.7179137173934,159.2676859623533,-1.1161698647142417
383.937470880224,158.81848610994686,-1.0966196949237328
384.0054231424185,158.6860852885093,-1.116041103113905
384.0706066125479,158.55276760959956,-1.1352744236607695
384.1330359501865,158.4186037021566,-1.1543212331883452
384.33530004487886,157.96135605268913,-1.134362502644299
384.5466494092973,157.5082359726965,-1.1145893089307677
384.6103929058998,157.37834166489998,-1.1338852619883886
384.82195858743637,156.92532230001163,-1.1140985552394058
384.8849598742488,156.79709958792847,-1.1334245930417417
384.9453013181592,156.6680473274407,-1.1525632383019033
385.00299820957633,156.53823238544948,-1.1715160663803474
385.0580672992701,156.40771992727895,-1.190284638090466
385.24376025729424,155.9434946829816,-1.1699037966550125
385.2983207449341,155.81476743870257,-1.1887101045175428
385.3503022359969,155.68540675885782,-1.2073333548346268
385.3997237307598,155.55547384549828,-1.2257750850820572
385.5688277685018,155.08495166425146,-1.2050141282179339
385.74766322424364,154.61804120481932,-1.1844473408238811
385.7988109074727,154.49230739069236,-1.2031536417263753
385.84745918783045,154.36599864261993,-1.2216776637452604
385.8936273636692,154.23917346280138,-1.2400209410044252
385.93733585629866,154.11188872096525,-1.2581849938921827
385.9786061355656,153.9841996611643,-1.2761713293088202
386.1237931482949,153.50575564501253,-1.2548612780979054
386.1649174561239,153.37994864139893,-1.2728970920007956
386.2036544520831,153.25378427786376,-1.2907562414872216
386.34184829314944,152.77327338183298,-1.2692804568066722
386.3804990402614,152.6489936338126,-1.2871911499517945
386.4168131738489,152.5244004645433,-1.3049262076745844
386.45081381126977,152.39954362401102,-1.3224871092674777
386.5736937087602,151.91488997894103,-1.3006711945904412
386.60773966175714,151.79193284189367,-1.318287867088368
386.7326537136881,151.3077992158243,-1.2964981907839896
386.76672319097884,151.18672400742506,-1.314170298373246
386.7985564494644,151.06541379677927,-1.3316687367779882
386.82817697923986,150.9439147317137,-1.3489949721726542
386.85560894399555,150.82227148795272,-1.3661504581907264
386.88087712397146,150.700527285991,-1.3831366361270292
386.90400686106364,150.57872390926366,-1.3999549351332468
386.989010835927,150.08601331419158,-1.3773176308115744
387.0125024326533,149.96611518137416,-1.3942017823986148
387.03390468049435,149.84618337314504,-1.410918902899888
387.11350164303104,149.35257010975963,-1.388154468855866
387.20431387755656,148.8608963510198,-1.3656061059745896
387.22848039558295,148.74477775174057,-1.3826229775177625
387.25060435702665,148.62859651591836,-1.3994716660425568
387.2707102807378,148.51239129295436,-1.4161535971001507
387.2888231286928,148.39619940041553,-1.4326701843304819
387.3576654730558,147.90097109114635,-1.4096538171975304
387.376250384733,147.78663894922272,-1.426240803602712
387.3928889791632,147.67234004679904,-1.4426632409075655
387.407606380204,147.55810905967644,-1.4589225263842398
387.42042803365337,147.44397940769787,-1.47502004580053
387.43137966643235,147.3299832765446,-1.4909571735821117
387.47125611268757,146.83158517723217,-1.4673337921439125
387.4829034725574,146.7194115240899,-1.4833485865556923
387.49272510534166,146.6073836513096,-1.4992036887388198
387.50074661149955,146.49553141438565,-1.514900458166749
387.5069937753886,146.38388351299895,-1.5304402433172406
387.5114925312505,146.2724675141106,-1.5458243818164716
387.51426893083186,146.16130987538241,-1.5610542005783985
387.519139832082,145.66134230737828,-1.5367052053658115
387.5361818019169,145.16164131415252,-1.5125899040773405
387.5424689431323,145.05374876440038,-1.528144515737368
387.5470642838119,144.94607329533187,-1.5435433580903277
387.5499928686204,144.83864060568132,-1.558787762779774
387.55127983136344,144.7314753460888,-1.573879050781305
387.5509503666474,144.6246011420267,-1.5888185325335706
387.5490297029912,144.5180406168762,-1.603607508065055
387.54554307734753,144.41181541510375,-1.6182472671167933
387.5405157109906,144.30594622549017,-1.6327390892611715
387.5339727867282,144.2004528043686,-1.6470842440169546
387.5259394273957,144.09535399883032,-1.6612839909606905
387.51644067558817,143.99066776986066,-1.6753395798346231
387.5055014745903,143.88641121536986,-1.6892522506512566
387.493146650461,143.78260059308607,-1.7030232337946958
387.4794008952317,143.679251343281,-1.716653750118894
387.4642887511779,143.57637811130033,-1.7301450110429333
387.44783459612245,143.4739947698739,-1.7434982186434518
387.4300626297327,143.3721144411827,-1.7567145657443424
387.41099686077087,143.27074951866157,-1.7697952360038287
387.39066109526055,143.16991168851905,-1.7827414039990324
387.28548173389254,142.68110715799372,-1.7561207892948665
387.26681937573966,142.58156167311762,-1.7691799764179996
387.24691144041617,142.482530923846,-1.7821048794471948
387.22578100233176,142.38402569491743,-1.7948966637880754
387.20345091749124,142.2860561211271,-1.8075564859036781
387.1799438144176,142.18863170740912,-1.8200854933921633
387.15528208582634,142.09176134858544,-1.832484825062443
387.12948788101767,141.99545334877178,-1.8447556110078187
386.99421716356204,141.5141063704406,-1.81749847861434
386.970242607943,141.41890577711538,-1.8298897572653612
386.84214214376465,140.93560090431671,-1.8027739978586732
386.81992239934937,140.84154128245495,-1.8152839453363456
386.79658767168365,140.74800719575745,-1.827664459826851
386.77215917128603,140.65500676164214,-1.8399166723489355
386.74665787227286,140.56254754831832,-1.8520417052190052
386.60788347086867,140.0821983581406,-1.8246933509180514
386.5841674353215,139.99080609301714,-1.8369396797152013
386.45266276901435,139.50841576445706,-1.8097352843930252
386.43066844747227,139.418124274889,-1.8221010536561937
386.4076174574699,139.32833814040137,-1.8343387299978056
386.3835298797067,139.23906478713874,-1.8464494368536322
386.35842556632497,139.15031113029448,-1.858434288967593
386.33232413553924,139.06208359081768,-1.870294392461283
386.30524496681153,138.97438811178756,-1.8820308449018859
386.27720719654553,138.88723017445125,-1.8936447353685524
386.11857445248086,138.41306778206445,-1.865859571152971
385.9731758714495,137.934681169665,-1.8383470032835392
385.84099225503934,137.45247565411083,-1.8111039384153922
385.82012019245104,137.36729842815618,-1.8233356521315562
385.7982616492665,137.28259133918883,-1.8354405732931052
385.7754352261309,137.19836119352587,-1.847419819280569
385.63888208117874,136.71737454954524,-1.8200768063858035
385.5155299261582,136.23283423648385,-1.79300138995784
385.496876166075,136.1502720567246,-1.8053449507156327
385.4772526300865,136.06814682949047,-1.8175608149932891
385.45667729150927,135.98646569268413,-1.8296501099484317
385.4351679288088,135.90523532004107,-1.841613953888849
385.30140950529784,135.4234635887204,-1.8143127391801375
385.2814831983335,135.34326011288272,-1.826396180428632
385.15507143032954,134.8595085765863,-1.7992402454745893
385.13666944047566,134.78036110742752,-1.8114414271259895
385.1173493793223,134.70163242631511,-1.8235162530875995
385.0971282285185,134.62332907918005,-1.8354658426532988
385.07602278208986,134.54545718060078,-1.8472913062796954
385.0540496418967,134.46802242767987,-1.8589937456568837
385.0312252135409,134.39103011364645,-1.870574253777717
385.00756570270096,134.3144851411812,-1.882033915005662
384.8544484972659,133.83851151250883,-1.8543088618931498
384.71458480346985,133.3584760412777,-1.826855788751528
384.69491986115895,133.28336354627493,-1.8386822192609649
384.6744155584062,133.208662122309,-1.8503857086348194
384.6530875840796,133.1343770446061,-1.8619673517104094
384.50955162805064,132.6554266080998,-1.8344293521044603
384.4897528443083,132.58207480875413,-1.8461325116878866
384.46914416107535,132.5091267124636,-1.8577138750529147
384.44774073400964,132.4365872097348,-1.8691745291708775
384.425557534615,132.3644608333204,-1.8805155523555381
384.2731630500209,131.8882547785996,-1.852783154098628
384.2525210074191,131.81700325198582,-1.864247689368833
384.10789316182047,131.33838105654974,-1.836671907505316
384.08873687664993,131.26803703072855,-1.8482579402052286
384.0688115701913,131.19807655451504,-1.859723318439299
384.0481315552445,131.1285041722696,-1.8710691224810658
384.02671096978025,131.05932409436076,-1.8822964239489846
384.0045637743435,130.99054020828385,-1.8934062858729295
383.9817037497759,130.92215608953666,-1.904399762759524
383.9581444952424,130.85417501225146,-1.9152779006563485
383.93389942654613,130.7865999595835,-1.9260417372150773
383.9089817747163,130.71943363385657,-1.9366923017535909
383.88340458485493,130.65267846646637,-1.94723061531711
383.6996024174649,130.18769088239193,-1.9188121985364024
383.6756297016204,130.12161058805927,-1.9294814076809494
383.5001091704155,129.65343395961983,-1.9012355593469539
383.47768823322497,129.58806978886156,-1.9120334095262514
383.4546116200987,129.52308892473576,-1.9227177918409226
383.28226160122216,129.05373573776873,-1.894533752991597
383.2607013409027,128.9894807938522,-1.905345797506276
383.23849426972595,128.9255968904384,-1.9160443012206252
383.21565266288263,128.86208668929498,-1.9266302904239183
383.1921886262955,128.79895259965014,-1.9371047830869206
383.0131040428233,128.3321273583593,-1.9087697398839476
382.99115363576004,128.2696721399945,-1.9193733367388233
382.96858865538576,128.2075809419339,-1.9298653345074823
382.9454207993313,128.14585601058434,-1.9402467447192362
382.9216615998763,128.08449935983538,-1.9505185706711625
382.89732242336413,128.02351277935747,-1.9606818074881733
382.8724144698067,127.9628978426916,-1.9707374421822785
382.846948772668,127.9026559151326,-1.98068645371108
382.82093619881636,127.84278816140834,-1.990529813035528
382.7943874486355,127.78329555315703,-2.0002684831769733
382.76731305628476,127.72417887620529,-2.0099034192735443
382.7397233900995,127.66543873764944,-2.0194355686358785
382.7116286531234,127.60707557274318,-2.028865870802236
382.6830388837634,127.54908965159426,-2.0381952575930207
382.45775721779546,127.10272039281632,-2.008838326787443
382.4307781320374,127.04512086769078,-2.018308433436299
382.4033065456637,126.98788724170228,-2.0276773248331112
382.3753521956673,126.93101977076056,-2.036945928349453
382.3469246604635,126.87451855780098,-2.0461151637059403
382.31803336075535,126.81838355887204,-2.055185943025761
382.2886875604938,126.76261458904813,-2.0641591708876965
382.2588963679273,126.70721132817084,-2.0730357443786516
382.0182027623553,126.26896014668233,-2.043324874324521
381.990025270026,126.21383457062734,-2.052346124901799
381.96140319734684,126.15906410959633,-2.061270345938577
381.93234539820963,126.10464846800667,-2.0700984308540877
381.9028605768896,126.05058722455661,-2.0788312656368237
381.6596310729528,125.61373823104294,-2.0490587076863003
381.6317378469814,125.55993229617334,-2.057936673742005
381.6034180523599,125.50647052772075,-2.066718996908587
381.5746801550901,125.45335253663849,-2.075406559699597
381.54553247747293,125.40057781686004,-2.0840002372580493
381.515983199301,125.3481457501989,-2.092500897407987
381.4860403591108,125.29605561110122,-2.1009094007056346
381.4557118554907,125.24430657125428,-2.109226600490158
381.4250054484391,125.1928977040539,-2.117453342934039
381.39392876076954,125.14182798893401,-2.125590467093087
381.36248927955756,125.09109631556133,-2.133638804956091
381.3306943576259,125.04070148789845,-2.1415991814941315
381.298551215064,124.99064222813817,-2.149472414709559
381.26606694077896,124.94091718051236,-2.157259315684651
380.9893588873843,124.52446731707792,-2.1266969865807233
380.72550571148537,124.09975634280987,-2.0964390694965207
380.6965404733829,124.0498230596346,-2.1046189151764048
380.4421275981103,123.61939062713914,-2.0745799014714073
380.41469300441025,123.56962044090353,-2.082907302021503
380.3868905336817,123.52016159738936,-2.0911443545613713
380.1383004246202,123.08634016864879,-2.0612376190448907
380.1119965133102,123.03707776763382,-2.069620294136696
379.872800828675,122.59800650675922,-2.0399263895100823
379.8479583057378,122.54899507146683,-2.0484517755338687
379.8227403952894,122.50027746816131,-2.0568851107889334
379.79715431728147,122.45185334362871,-2.0652272504986975
379.7712071710479,122.40372224839236,-2.073479042636175
379.74490593635,122.35588364070168,-2.081641327975901
379.718257474467,122.30833689040168,-2.0897149401454813
379.47028764185046,121.8741604127688,-2.059816005194707
379.44508751866607,121.82680329486293,-2.0680344895027853
379.4195395841868,121.77972957282353,-2.0761638454921285
379.39365052796677,121.73293866795451,-2.084204904079298
379.3674269259013,121.68642991876031,-2.092158489091478
379.3408752413472,121.64020258447867,-2.100025417317507
379.3140018262761,121.59425584850541,-2.107806498558557
379.28681292245903,121.54858882171372,-2.1155025356784773
379.259314662678,121.50320054567045,-2.1231143246538005
378.99698453576775,121.07754661793402,-2.09287743335445
378.7476427820583,120.64415636840509,-2.0629412582334576
378.72330192121825,120.59875672134909,-2.0709320583105426
378.69863672136887,120.55362193767321,-2.078835990159061
378.67365335020247,120.5087513974876,-2.0866538663229695
378.4270136060647,120.07381769410516,-2.0567771270708017
378.19347637478995,119.6317103500684,-2.0271970080307793
377.97311696532904,119.18288931332067,-1.9979101370059524
377.9528057558249,119.13826227646325,-2.0063238378762667
377.93215192910526,119.09387677478556,-2.0146469227614134
377.9111617714516,119.04973279655928,-2.0228802378839146
377.8898414692509,119.00583024263204,-2.031024622200248
377.86819710973907,118.96216892986288,-2.039080907454406
377.84623468178626,118.91874859445862,-2.047049918231052
377.82396007672105,118.87556889521301,-2.0549324720082955
377.8013790891904,118.83262941665069,-2.062729379210091
377.5652144121746,118.39191984937393,-2.033081930643707
377.5439288044933,118.34920328244566,-2.0410185344270135
377.31738718730145,117.90347060113166,-2.0115854707912515
377.2973631680291,117.86102389328094,-2.0196588059860763
377.2770272193818,117.8188027224714,-2.0276448417989084
377.25638502122354,117.77680689985586,-2.035544396878892
377.2354421621815,117.73503616276078,-2.043358282788086
377.0078582363745,117.28983469790603,-2.013897967536107
376.7934869249675,116.83812265413418,-1.984729557121967
376.775293819423,116.79671025974116,-1.9928997628735252
376.756790189871,116.7555084816543,-2.00098189496427
376.7379815840032,116.71451734182612,-2.008976779721608
376.52583579759215,116.2617557643831,-1.9798535777184563
376.5082057069149,116.22108759726116,-1.9879802646428568
376.49027174561905,116.18062280267476,-1.9960193531950339
376.28401021006823,115.72515040506323,-1.967021963017646
376.2672257781331,115.6850299742851,-1.9751909335264315
376.25013887593764,115.64510572501844,-1.983271975598479
376.23275481966226,115.60537779406312,-1.9912659152881171
376.2150788442832,115.56584624377652,-1.999173571458122
376.00738165723004,115.11102665967464,-1.9701401033229748
375.99083732421957,115.07182392839725,-1.978177591251234
375.9740022548436,115.03281063070277,-1.9861284531039856
375.9568815348138,114.99398684908753,-1.9939935040654067
375.939480172,114.95535259643174,-2.0017735521986193
375.9218030969938,114.9169078186468,-2.009469398499873
375.9038551637042,114.87865239724778,-2.0170818369523382
375.8856411499813,114.84058615185235,-2.0246116545795214
375.666442644198,114.39119651411177,-1.9953185795250303
375.64935543246133,114.35339358995614,-2.002980811173458
375.63200245696936,114.31577340106683,-2.010560019245232
375.61438837018704,114.27833580095752,-2.0180569878048766
375.5965177517042,114.24108058500406,-2.0254724940223476
375.3769324552528,113.79187976835613,-1.9961668712820244
375.360169450274,113.75487776594493,-2.003714482874365
375.34315010560357,113.71805192841616,-2.011180220526955
375.3258788826285,113.68140208648967,-2.0185648585870073
375.3083601729165,113.64492801621536,-2.0258691645715263
375.2905982988482,113.6086294411276,-2.0330938992198986
375.0675958513986,113.16111516256242,-2.00370794151535
375.0509258823076,113.12504467159094,-2.0110652839422776
375.0340126367506,113.08914376401276,-2.018342619610698
375.0168603301629,113.05341220246991,-2.025540706751348
374.99947311169024,113.01784970010546,-2.0326602968794933
374.77666471046723,112.57023873312946,-2.003274955544045
374.76035011158694,112.53489701698808,-2.0105266898618583
374.74380040733536,112.49971864937118,-2.017699485060352
374.72701964583877,112.46470338307299,-2.024794090263368
374.7100118117098,112.42985092417945,-2.031811247940775
374.48758351730424,111.98205090897574,-2.002430701659003
374.27840592242575,111.52791000384552,-1.9733411979252728
374.2637042110282,111.49338242883034,-1.9806962982819853
374.0644457132856,111.03480276510483,-1.9518207267115562
374.0507356976134,111.00057914956297,-1.9593004786857202
374.03678759979823,110.96650183244486,-1.9666993271184945
374.02260539739217,110.93257086088579,-1.9740180396802443
374.0081930086685,110.89878623074387,-1.9812573772144402
373.99355429308537,110.86514788851609,-1.9884180937912528
373.978693051769,110.83165573320066,-1.9955009367607734
373.9636130280155,110.79830961810657,-2.002506646805869
373.7544009155508,110.3441845386807,-1.9734077416277946
373.7403062600368,110.31108876956053,-1.9805402105667587
373.7259930150372,110.27813375285328,-1.9875951404854895
373.7114648288193,110.24531937442732,-1.994573269413
373.50586199560775,109.78954881738674,-1.965549839143228
373.49229799256346,109.75699176145115,-1.9726533193433717
373.47851933402865,109.7245701586032,-1.979679602174775
373.27972713729474,109.26578805876149,-1.9508013896354892
373.2668882307893,109.2336440705668,-1.9579507818448376
373.0781109614933,108.77065106907911,-1.929286191247208
372.90268092197766,108.30243776319656,-1.9009045673066813
372.8918517108963,108.27083308363261,-1.908369667462895
372.7262527186991,107.79905305592517,-1.8801928734303508
372.71627196394894,107.76783024360896,-1.88777129243434
372.7060671759267,107.7367214535484,-1.8952682574936264
372.69564190307113,107.70572704908034,-1.902684543475592
372.6849996450705,107.67484734267103,-1.9100209183065122
372.51862184348664,107.20334137987726,-1.8818221328929365
372.36560431455354,106.72733182031615,-1.8539010714435524
372.35681461789875,106.6971182473258,-1.8615404858755682
372.3478050962164,106.66700856377973,-1.8690979959136487
372.3385791674982,106.63700323901155,-1.8765743812580469
372.3291402042763,106.60710269134258,-1.8839704146095024
372.3194915338011,106.57730728979404,-1.8912868617256748
372.1619756168773,106.10276727588217,-1.8632650453209683
372.0178172662986,105.62400023811918,-1.835518970606022
372.009928891766,105.5949009499496,-1.8431315033920759
372.00182866713016,105.56589635136059,-1.8506625166575077
371.86371527468674,105.08535060313268,-1.8230370330259535
371.73892819689524,104.6011732320369,-1.7956828420808373
371.62743042746877,104.11376395398742,-1.7685969013011709
371.6218569379262,104.08595507863349,-1.776595310312618
371.61606802667444,104.05822436240656,-1.784508718144831
371.51002347290245,103.56959963326189,-1.7575282384136135
371.41719924172656,103.07829193985617,-1.7308118304187161
371.4128743326026,103.0514949556977,-1.7389971583242032
371.40833556921797,103.02476572043075,-1.747095833371988
371.3206418145213,102.53251638538232,-1.7204770231045066
371.3166889032453,102.50630494706957,-1.7286651437563718
371.3125263514926,102.48015720140837,-1.7367666488860887
371.3081571461092,102.45407414509815,-1.7447823641475848
371.3035842415724,102.42805671938223,-1.7527131077353135
371.29881055981275,102.40210581168604,-1.760559690445947
371.2938389900676,102.3762222572185,-1.7683229157395635
371.1957167557117,101.8859451451392,-1.74148371271625
371.11078692513246,101.39321138742669,-1.714907022739398
371.10716359662007,101.36824300651622,-1.722932326650198
371.1033442903079,101.34333243743127,-1.7308726944508077
371.0993317668378,101.3184805998787,-1.738728937533401
371.01575962521696,100.82551473587552,-1.7121726457939184
371.0122925351982,100.80115450361676,-1.7201149391046473
371.00863610109036,100.77684930216569,-1.7279731531595555
370.93037092383963,100.283013073583,-1.7015175858115954
370.92724026612234,100.25920053446706,-1.7094599003933992
370.92392418903165,100.23543945341855,-1.7173181992793418
370.9204252665555,100.21173072346014,-1.7250932864055637
370.91674604551713,100.18807519031107,-1.7327859583862426
370.9128890454221,100.16447365375942,-1.740397004574968
370.9088567583322,100.14092686900378,-1.7479272071256147
370.90465164876395,100.11743554796467,-1.755377341052724
370.9002761536113,100.09400036056624,-1.762748174291399
370.8957326820908,100.0706219359884,-1.7700404677567225
370.79676850555774,99.58051402315152,-1.7431552308648481
370.79277307834855,99.55756317062925,-1.7505348565794443
370.78861260143435,99.53466559032869,-1.757835921716299
370.78428939348635,99.5118218930733,-1.76505918078423
370.77980574665827,99.48903265182443,-1.7722053813760827
370.7751639265749,99.4662984028207,-1.7792752642270355
370.7703661723389,99.44361964669059,-1.786269563272443
370.76541469655484,99.42099684953861,-1.7931890057052315
370.76031168536946,99.39843044400548,-1.8000343120328455
370.75505929852784,99.37592083030273,-1.8068061961337547
370.74965966944353,99.35346837722214,-1.8135053653135262
370.62949317240236,98.86812344497788,-1.7861770354670232
370.6246596529279,98.84602979106253,-1.792967173729535
370.61968086509336,98.8239899978096,-1.7996844837341957
370.6145588687577,98.80200443218901,-1.8063296676000034
370.6092956986433,98.78007343180367,-1.8129034209656232
370.48942137101426,98.29465624188478,-1.785574875711587
370.3828558969192,97.80614471429992,-1.75851437358534
370.37881703028387,97.78488243150194,-1.7653367300897491
370.3746370317236,97.76366764561988,-1.7720860716655826
370.370317865645,97.74250077556866,-1.7787631027285518
370.26708246550726,97.25327467656805,-1.75176440878325
370.26327698377486,97.2324762670698,-1.7585261190201038
370.2593345063304,97.21172274683303,-1.7652154615438662
370.2552569266405,97.19101452852333,-1.7718331350680443
370.1554142972217,96.70108475436295,-1.7448973741527936
370.15183632342934,96.68074168509375,-1.751598082417672
370.1481253979106,96.66044099006834,-1.7582270738173946
370.1442833453562,96.64018307565836,-1.7647850413120616
370.0478962362586,96.14956176599888,-1.7379133365079888
370.04453995093553,96.12966563385436,-1.744552666794543
370.04105466752924,96.10980945153453,-1.751120934882926
369.9513802479224,95.61791693071602,-1.7243796252412973
369.94836312283303,95.59842675662782,-1.7310268791031944
369.8685902558302,95.10483172846881,-1.70448035977136
369.86601980468544,95.08571859823867,-1.7112035471526217
369.8633232276865,95.06663956951073,-1.7178549846695526
369.8605022085612,95.0475951027291,-1.724435366415402
369.8575584125258,95.02858563230865,-1.730945380024279
369.854493486292,95.00961156739316,-1.737385706727075
369.77158356597687,94.5165337676298,-1.7107682675084877
369.7689606528934,94.49791745669128,-1.717284164988743
369.69597843813335,94.00327276023462,-1.690861468866566
369.69377685176033,93.98502435721511,-1.697449853680273
369.69145700256274,93.96680590214716,-1.7039679146531672
369.68902044779367,93.94861783428414,-1.710416333124579
369.61943706298615,93.4534835696307,-1.6840553510108947
369.61740955024084,93.43565862404444,-1.6905745012657813
369.61526761168756,93.41786168046299,-1.6970240592474486
369.55232124130316,92.92183995772525,-1.6707902147419609
369.5505723225706,92.90440803400851,-1.6773080705678678
369.49741711041133,92.40724173854632,-1.6512646991742914
369.4960414263528,92.39018269438098,-1.657847768872108
369.49455465959613,92.37314668357186,-1.66436074797456
369.4478406945917,91.87533385302656,-1.6384397202194854
369.44671185236007,91.85867117647865,-1.6450154799005883
369.4454744419803,91.84202941476738,-1.6515212805842168
369.44412984153035,91.82540904630733,-1.6579578012400822
369.442679415244,91.80881052715863,-1.6643257144724615
369.4411245134778,91.7922342916431,-1.6706256865761688
369.43946647268785,91.77568075294683,-1.6768583775920742
369.4377066154158,91.75915030370928,-1.6830244413621736
369.43584625028325,91.7426433165992,-1.6891245255842136
369.37682014089364,91.24613980707232,-1.6629472589686733
369.3753257843414,91.22996933328865,-1.669111451060314
369.3737329524489,91.21382027624075,-1.6752097409616844
369.3216210731095,90.71654351729171,-1.649164694388078
369.3203794450831,90.70073248075022,-1.6553245442169033
369.2781656624869,90.20251784280175,-1.6294715001742786
369.27725713386303,90.18705157807558,-1.6356897386521159
369.27625317986383,90.17160248538525,-1.6418416673860254
369.27515499389426,90.15617096429813,-1.6479279317473179
369.2739637573547,90.14075739591948,-1.6539491710219183
369.2324352450141,89.64248516334587,-1.6281021780314981
369.2037980084741,89.14330608816446,-1.6025068217250524
369.20333010167303,89.12855545257264,-1.6087039041355462
369.20277118943017,89.11381843848817,-1.6148349997973197
369.2021223893645,89.09909545664925,-1.6209007514708533
369.2013848082745,89.08438690006093,-1.6269017958440433
369.17334679757545,88.58517380324669,-1.6013104867934749
369.1729080227524,88.57079888250487,-1.6073634127794543
369.17238260645837,88.55643672944066,-1.6133518147524857
369.15111129045073,88.05688955212423,-1.587888488698933
369.1508714797082,88.0428604673028,-1.5939261589674
369.15054719024045,88.02884256899628,-1.5998995121146633
369.15013944636667,88.01483624138139,-1.6058091755260502
369.13263660366397,87.51514282854393,-1.5804134269424548
369.1278281290506,87.01516608965107,-1.5552643478165198
369.13559380420196,86.51522653383935,-1.5303592199189042
369.1361204872707,86.50220888723089,-1.536528333642928
369.13656655630876,86.48919690789494,-1.542632021906082
369.1369329547004,86.47619103010761,-1.548670923229013
369.14799475102666,85.97631353885637,-1.523823324002429
369.1485903518205,85.96364322533705,-1.5298997655214133
369.14910861510066,85.95097775188242,-1.5359117441267447
369.1495504407392,85.93831753450326,-1.5418598894103093
369.16401663678437,85.43852697534419,-1.5170719575579312
369.1646798026868,85.42619499722325,-1.5230555316195027
369.16526879508746,85.41386707397528,-1.528975607418438
369.16578447213095,85.40154360414654,-1.5348328055745912
369.1662276846198,85.38922497189434,-1.5406277407997906
369.16659927596777,85.37691154734827,-1.546361021951364
369.1788157096205,84.87706093278413,-1.5215192059256355
369.17940755755785,84.86506005284673,-1.5272868844768832
369.17992986282394,84.85306321699744,-1.5329932320301145
369.19882690411725,84.35342056084805,-1.508276886010534
369.2300662572966,83.85439752692334,-1.4837997634192515
369.2310582841676,83.84302325094178,-1.4896271289328025
369.2319834607436,83.83165016996686,-1.4953926921990464
369.23284254270044,83.8202786600809,-1.5010970582313792
369.2676639596004,83.32149277604248,-1.4766829932551853
369.2687082943965,83.31042899157009,-1.4824129086694382
369.3128424815713,82.81238073481782,-1.4581772747119328
369.3690330419161,82.31554825139185,-1.4341756098709257
369.4371310801588,81.82020740326404,-1.4104053602300888
369.5169831480671,81.32662504061199,-1.3868640046862009
369.51880804182804,81.31681562925854,-1.3928462906729668
369.5205732078043,81.30700110761187,-1.39876553911031
369.52227927907023,81.29718188961981,-1.4046223677778735
369.523926884577,81.28735837706067,-1.410417388536911
369.60377301598345,80.79377505109066,-1.3868661764044483
369.6055442483677,80.78425397250427,-1.3926698927829912
369.6941372140002,80.29216536921425,-1.3692869869600555
369.69602091296883,80.28294429202181,-1.3750959758523664
369.69785001968836,80.27371745050863,-1.3808437384017733
369.6996251058392,80.26448522530701,-1.3865308753960286
369.7013467394389,80.25524798616256,-1.3921579818522067
369.79019159946563,79.76320479640556,-1.3687703669610185
369.7920245355139,79.75425579227552,-1.3744007994921135
369.7938061255648,79.74530128637086,-1.3799718134269086
369.8886403620786,79.25437728018484,-1.3566966015118145
369.8905258973222,79.24570544906952,-1.3622679610677821
369.8923621521161,79.23702767825907,-1.3677805371537126
369.9931741836663,78.74729627331763,-1.344617695767788
369.9951073334481,78.73889551401392,-1.3501276075368136
369.9969932258493,78.73048842490077,-1.355579394211759
369.99883234820726,78.72207533563893,-1.3609736272426347
370.0006251847672,78.71365656682737,-1.3663108725688855
370.0023722166273,78.70523243020395,-1.3715916906706316
370.10131707947244,78.21512037031046,-1.348380630457896
370.2116102896466,77.72743673604462,-1.3253924327106057
370.21358679146647,77.71954499249041,-1.3307170676763072
370.2155203337881,77.71164655820205,-1.3359855058602077
370.21741135477265,77.7037417349362,-1.3411983003919268
370.33120439538754,77.21686283269806,-1.3182720290629546
370.4561288722138,76.7327204996449,-1.2955655468546088
370.45821554528976,76.72533137268292,-1.3008079932833396
370.46026252642054,76.71793475532185,-1.305995157262991
370.46227021304543,76.71053093724392,-1.3111275833543345
370.5906504013237,76.22729346680575,-1.28848244855239
370.59272672200683,76.22013525107182,-1.2935972486754987
370.72955806558355,75.73922246180086,-1.2711175820160043
370.73169511227496,75.73230610142598,-1.2762111247112529
370.7337960008189,75.72538191786708,-1.2812509558286718
370.8765542556741,75.2461950962904,-1.258884651429132
371.02999354977544,74.77032083344075,-1.2367321168596324
371.1939361558242,74.29796211957145,-1.214791058172925
371.1962441152623,74.29175540769874,-1.2198521411020409
371.19851969966334,74.28553964289077,-1.2248599866397345
371.2007632173092,74.27931508716888,-1.2298151201469603
371.36796917962386,73.80810165312919,-1.2079326223723204
371.5454456153291,73.34065962407972,-1.1862587151269188
371.5477819439267,73.33488640424864,-1.1911907783825997
371.55008887169157,73.32910398426083,-1.1960709788108925
371.73309732344956,72.8637999505418,-1.1745050499350098
371.73542772310856,72.85823053932467,-1.1793421145266934
371.92619421305716,72.39605299237026,-1.1579329019550235
371.9285427324114,72.390691563144,-1.1627230285631251
372.12696349402535,71.93174805760029,-1.1414693372017233
372.1293251352622,71.92658945857487,-1.1462086993186662
372.33529764071096,71.47098516954316,-1.125109387636809
372.3376677551009,71.46602414140148,-1.1297941352883103
372.55109072323273,71.01386202548883,-1.1088481149292573
372.77393717979663,70.56626912973265,-1.0881007295609937
372.77633268330004,70.56169792340098,-1.0927132768229102
373.00637165941976,70.11775872250477,-1.0721161850451253
373.00876169308236,70.1133700377236,-1.0766620113068321
373.2458965163579,69.67318028175588,-1.0562142973322661
373.4919820147562,69.23793107252942,-1.0359599569708893
373.74683212138905,68.8077550960557,-1.0158969545742726
373.74922031172184,68.80390234728839,-1.0203121900685028
374.0107702378134,68.37776670616547,-1.0003942597689095
374.28075546330786,67.95692477939555,-0.980664137299752
374.5589908653824,67.54149125747364,-0.9611198565626373
374.8452919620341,67.13157464045806,-0.941759475915144
375.1394750504367,66.72727739578686,-0.9225810778087116
375.44135733721413,66.32869611531854,-0.9035827684314306
375.75075706091974,65.93592167139604,-0.884762677355774
376.06749360700576,65.54903937174952,-0.8661189571912935
376.39138761556103,65.16812911306803,-0.8476497832423018
376.7222610820906,64.79326553308563,-0.8293533531705508
377.05993745160436,64.42451816103984,-0.8112278866629046
377.4042417062763,64.06195156637459,-0.7932716251040084
377.7550004469299,63.70562550557098,-0.7754828312539397
378.11204196859836,63.35559506700125,-0.7578597889308232
378.4751963304036,63.01191081371207,-0.7404008026983888
378.84429541998986,62.674618924053334,-0.723104197558448
379.2191730127428,62.34376133007855,-0.7059683186482517
379.59966482601766,62.01937585365162,-0.6889915309426984
379.98560856859496,61.701496340203576,-0.6721722189613502
380.37684398557354,61.390152790090674,-0.6555087864802149
380.7732128989078,61.0853714875126,-0.6389996562482492
381.17455924378606,60.78717512695681,-0.622643269708532
381.5807291010443,60.4955829371412,-0.6064380867240589
381.9915707258,60.2106108024337,-0.5903825853081028
382.40693457248767,59.93227138173279,-0.5744752613590887
382.82667331646985,59.66057422479849,-0.5587146283999207
383.2506418723922,59.395525886028,-0.5430992173217106
383.6786974094451,59.13713003567499,-0.5276275761318403
384.11069936368955,58.8853875685156,-0.512298269706303
384.5465094475978,58.64029670996805,-0.4971098795462616
384.98599165695555,58.401853119676666,-0.4820610035387598
385.42901227526573,58.17004999257405,-0.46715025572152635
385.8754398757901,57.94487815743848,-0.4523762660518065
386.3251453213582,57.72632617296624,-0.4377376801791599
386.77800176206966,57.51438042138124,-0.42323315922216054
387.23388463101014,57.309025199606545,-0.4088613795489353
387.6926716380967,57.110242808024566,-0.3946210325614774
388.15424276216424,56.91801363685461,-0.38051082448367346
388.6184802413991,56.732316250178144,-0.3665294761529778
389.085268562223,56.553127467643726,-0.35267572281567494
389.5544944467253,56.38042244388494,-0.3389483139256644
390.02604683873716,56.21417474568581,-0.3253460129467092
390.4998168886388,56.054356426929395,-0.3118675971580842
390.97569793698545,55.90093810136599,-0.2985118574635641
391.45358549703474,55.75388901323836,-0.2852775982036917
391.9333772362548,55.613177105802045,-0.272163636971265
392.11822022493016,55.56158948014667,-0.28043879012658346
392.59868722183745,55.42320083129467,-0.26735661041364533
392.7822469720273,55.37292118172305,-0.2756334936601901
393.26337341700986,55.23684290828921,-0.2625828050724506
393.4456440833307,55.18785055214424,-0.27086096979863594
393.92741448268424,55.05407000734403,-0.25784148917053784
394.1083906288488,55.00634449802906,-0.2661204908755801
394.59078979579095,54.87484927045275,-0.2531319421539244
394.77046638508824,54.828370396392394,-0.2614113403258549
395.25347943099877,54.69914830893499,-0.24845345445597733
395.431851816976,54.653896092465395,-0.25673281245147894
395.6094336428601,54.60727621600533,-0.26491687309342815
396.09199072870103,54.476361708195405,-0.2519031483118592
396.26829657433836,54.43098584768331,-0.2600880421486549
396.75148019499755,54.30240304390266,-0.24710623289287925
396.92650522734857,54.25825092307114,-0.2552915059992311
397.4103000387336,54.13198719743458,-0.2423413333746698
397.5840398156415,54.08903878070272,-0.2505265358104798
398.06843077462236,53.96508174779344,-0.23760772803955632
398.24088123545624,53.923317239022936,-0.24579241372781402
398.72585359113936,53.80165475273336,-0.23290470603757996
398.89701104763947,53.7610545939196,-0.241088432644065
399.3825503328602,53.64167474623737,-0.2282315671563091
399.5524114601812,53.602219616140154,-0.23641389597105134
400.03850348320725,53.48511073588357,-0.22358762159484957
400.20706531115496,53.446781548602,-0.23176811741530878
400.6936961475959,53.33193220010955,-0.2189721897419652
401.1817567083648,53.22331897716302,-0.2062922439281425
401.3483688496829,53.188452172779286,-0.21456138036310923
401.51430762435814,53.15229150510522,-0.22273570870571957
402.0019559605786,53.04184223077687,-0.20999808502780182
402.16658905361044,53.00675226049197,-0.21816931644849058
402.65473665769275,52.898530923749554,-0.20546137322628688
402.81806241947174,52.864493478584215,-0.21362908502220268
403.306696339604,52.75848955293903,-0.20095060308596402
403.46871343452193,52.72548668833057,-0.20911437550915446
403.957820949211,52.621689875914875,-0.19646514188914033
404.1185283479586,52.5897038733307,-0.20462455803903312
404.60809695904027,52.488104103391585,-0.19200436587370762
405.09890875787323,52.39269071029325,-0.1794984272541882
405.59087537825064,52.30342268072812,-0.16710563927669142
406.08391047133387,52.220258188117384,-0.1548249110425064
406.24100875318965,52.195739234212915,-0.16324061403317547
406.3975361599165,52.169958196319534,-0.17156058188785694
406.5534892248885,52.142937172532555,-0.17978566023828924
407.04543018176355,52.05352783806314,-0.1673550550495695
407.20004902622304,52.027407277220156,-0.17557258905795736
407.35410187847515,52.00007842972482,-0.18369618682017785
407.84568943586066,51.908746035857476,-0.17120714007487514
407.99843530633353,51.88233630691769,-0.17932407637255654
408.49041747822685,51.79315405442314,-0.16686313666293628
408.64185719625806,51.767647175513865,-0.17497300906301483
409.13422274673445,51.680606408198514,-0.1625400067117484
409.2843573944339,51.655986323966985,-0.17064241486466347
409.7770952638994,51.57107860176502,-0.1582371856974203
409.92592616973656,51.547329468170055,-0.16633173124052902
410.4190254691918,51.46454656553002,-0.15395411651064483
410.5665542017195,51.441652747972256,-0.16204040297281486
411.060004207154,51.36098665224138,-0.14969024928775632
411.55441279342057,51.2864207369096,-0.1374516923782645
412.04969690875043,51.21791110254098,-0.1253236583047661
412.1942451513235,51.19970034851882,-0.1335662559349715
412.33831843082703,51.180341764156495,-0.14171507414612305
412.48191322708993,51.159854885881956,-0.14977094765961763
412.97631579144667,51.085249073270525,-0.1374975986467235
413.1186180636466,51.06555860927289,-0.14554370336120526
413.6133315853523,50.99304341763973,-0.1332973307253127
414.10889603533957,50.926591958464414,-0.12116153426236487
414.2490565258688,50.90952630796257,-0.12927836878028431
414.3887693003162,50.89136316924351,-0.13730268933614953
414.88406361222036,50.82292733531394,-0.12510832799910876
415.3801556083449,50.76053623786784,-0.11302403177142217
415.5177200089823,50.74492160864791,-0.12111727838629438
416.0140570579391,50.68451093079199,-0.1090577937135837
416.51108651869913,50.630090069763966,-0.09710707305121602
416.6464517122658,50.61690367766892,-0.10526582229113934
416.7814119166167,50.60264427285097,-0.11333187910644593
417.2782042369472,50.54609956922523,-0.10132024143754892
417.41187501371786,50.532509477643515,-0.10937270543684718
417.9088873085625,50.47793209929724,-0.09738567254625163
418.04127320088065,50.46499869760246,-0.1054241826391129
418.53849711915575,50.41238420415793,-0.09346168525723186
418.6696028243796,50.400095040844114,-0.10148588071881948
419.1670300962021,50.34943916844901,-0.08954785368446672
419.29686046172833,50.33778196219762,-0.09755737408067011
419.7944828948436,50.2890806221708,-0.08564375629785159
419.9230429139999,50.27804326020637,-0.09363824141116028
420.4208523902725,50.231292537700384,-0.08174897580709173
420.5481471982923,50.22086307415828,-0.08972806556319801
421.04613567025774,50.17605922683884,-0.07786309904752997
421.17217054033597,50.166225881145614,-0.08582643344265195
421.6703300278107,50.12336533788823,-0.0739857168678828
422.1689620802902,50.08640622675264,-0.06225161545677782
422.29280757843924,50.07868667007625,-0.07027237954730525
422.7915734325431,50.043579398642535,-0.058560763308141084
422.91415744291265,50.03639256813018,-0.06656351765038249
423.4130500723511,50.00313538771983,-0.054874376855088336
423.5343788974171,49.9964708532973,-0.0628587823513862
424.0333913099515,49.96506216214841,-0.05119211058357909
424.1534713570533,49.958909635656106,-0.059157827438203636
424.6525965919185,49.92934797795602,-0.04751362156823369
425.1520322021509,49.90560011006283,-0.03597412738922001
425.26990533417336,49.90135789683489,-0.043991216602977
425.38749796090957,49.89618151453184,-0.051917585971771985
425.8868241408701,49.87023438752771,-0.04031687727932676
426.00318805550455,49.86554041431216,-0.04822355096849407
426.5026066757762,49.841437988641374,-0.03664534108731221
426.61774866820457,49.83721668131501,-0.044531975584936934
427.1172528589859,49.81495805727188,-0.03297627391484248
427.6169809061209,49.79847291236751,-0.021524414257133806
427.7299415450061,49.79604112522046,-0.029458785758819328
428.22972448444887,49.78131386623143,-0.018027809779343595
428.3414683444192,49.779299150913026,-0.025939959015334413
428.8413000098075,49.76633062910844,-0.014529912817519364
428.9518346664684,49.76472445715145,-0.02241951248860863
429.4517088869248,49.75351564278118,-0.01103044483298632
429.5610419831267,49.752309601181395,-0.018897166001883736
430.0609525813411,49.74286158295588,-0.007529128297373067
430.56093827860116,49.73909705535986,0.0037368817346301597
430.6680956298417,49.73949749157238,-0.004171484826044125
431.1680911459682,49.73741175576559,0.007075027173189863
431.6680784962043,49.740949238879054,0.018220674483457433
432.16799536211846,49.75005906951725,0.029266415732663198
432.2719508451414,49.75310234282866,0.021257315547902778
432.77183773994824,49.76373019715317,0.032286570467070064
432.87459884786784,49.76704915423744,0.024305678980300005
432.97718064982183,49.76954296569066,0.016414510610128552
433.4771131476638,49.77774985007121,0.027508403047951546
433.5785230168688,49.78054017748682,0.019644581532417327
434.07842639491025,49.790361833611335,0.030720049389337145
434.17867313664584,49.793442387591156,0.022883881334690326
434.6785420735877,49.80488332619659,0.03394080266998367
434.7776345229468,49.80824789553565,0.02613259752520447
435.27746365056777,49.82131270313536,0.03717084863878606
435.37541067103285,49.82495515472001,0.029390918730796134
435.8751945728858,49.83964849383596,0.04041037415049775
436.37478621898094,49.85984817572333,0.05133116916771918
436.4706079564603,49.864771142122756,0.04352168443265425
436.9701343336582,49.88652510820913,0.05442504160696471
437.0648253064692,49.891683762808334,0.046645887249590956
437.564281278616,49.9149982417405,0.05753164947549472
437.65785077336375,49.920387396263806,0.049783130525468344
438.1572311409539,49.945268672603085,0.06065113931172261
438.65631160933725,49.975575642745234,0.07142194378394917
438.7477813145951,49.982119717992475,0.06364908192881247
439.24676867798166,50.0139227640628,0.07440341503164927
439.3371336509461,50.02065866091928,0.0666632122516031
439.83602288543005,50.05396557293109,0.07740088523654842
440.33452572461687,50.09262737111439,0.08804260136271758
440.83258891373447,50.13659180543954,0.09858926738963314
440.9198742975986,50.145225197370614,0.0907769125498441
441.0070638887588,50.15316181166712,0.08305200715012262
441.50534027836636,50.19464007714654,0.09366384712522269
441.59145355672933,50.20272944772372,0.08597387321610173
442.089606621325,50.24566343058073,0.09656981549242971
442.58727680015414,50.29387330526168,0.1070711619641731
442.67134488282886,50.302909128573745,0.09936634164498193
443.1688782911093,50.35251056014643,0.10985293543830688
443.2518899906267,50.36166649895342,0.10218501968588978
443.74928160756775,50.41267011764751,0.11265661478925093
444.24611187067273,50.46887932795948,0.1230348019500056
444.32710402857776,50.47889476959828,0.11535634704848663
444.82378072658435,50.53644508156248,0.12572061782473298
444.90373767831215,50.54655061671618,0.11808101798047232
445.40025572224215,50.60545399335416,0.12843109960657806
445.89613752361316,50.669493124998716,0.13868893314357944
445.9741040486439,50.68037608535163,0.13104311934704205
446.4698168818543,50.745710249425805,0.14128778434512057
446.9648343824269,50.81611930743657,0.15144120077887901
447.04082468105264,50.82771616112737,0.14379251006001104
447.5356642680977,50.89936487924015,0.1539337260768181
447.6106543537175,50.911000431816724,0.1463274458652548
448.1053107204861,50.98390330413297,0.1564561381123255
448.59920331081605,51.06181257256162,0.16649468732197903
448.67225194100376,51.07408842240315,0.15888988125784964
449.1659534516987,51.15319946566005,0.16891681508794676
449.2380258784155,51.16549083619047,0.16135631545153561
449.7315307593388,51.24581931887596,0.17137128673119584
450.22420641184107,51.331086126781734,0.18129719820696044
450.716011451912,51.42123890790224,0.19113488476241614
450.78523863738434,51.43463415753824,0.18354253453231495
451.276840007933,51.525890976963346,0.19337028524439326
451.34511957744274,51.539261281476065,0.1858254343661332
451.8365113301683,51.631640137535996,0.1956428553517231
452.326972488841,51.72883866281792,0.20537308388623288
452.39339012693216,51.74267412499545,0.19784084840067484
452.8836364521717,51.840950443397944,0.20756149630053145
453.3729043147779,51.94398755422961,0.21719586531602664
453.43748321731823,51.95823862635677,0.20967963990914962
453.92653172757497,52.06231184326176,0.21930512796740365
453.99020443563285,52.07650384776132,0.2118398302864506
454.47902697931835,52.18163325724312,0.221456000455575
454.9668159886021,52.29145833281333,0.23098688485776453
455.4535361217758,52.40592740887272,0.2404332795433226
455.51451671036557,52.420878384348335,0.2329588552141577
456.00101015932586,52.53630703290373,0.2423976357045956
456.4863924403535,52.65632237450721,0.25175279406975104
456.54561127107394,52.67155404015619,0.24430466488654812
457.0307637880345,52.79249479893637,0.253652763149796
457.51476454948636,52.917965458698475,0.26291809288919676
457.9975820175568,53.04791509315918,0.27210142447535635
458.4791857645629,53.18229305630233,0.2812035204691883
458.5349235316527,53.1983933458631,0.2737366784450761
458.59069524646276,53.21405321845211,0.26635230488854766
459.0730635742195,53.34566017558368,0.2755248686885503
459.5542044446116,53.48168608599901,0.28461631514389696
459.6083011127374,53.49751255482805,0.27726868513611347
460.0892040371489,53.63437727642091,0.28635442612289363
460.5688436024849,53.77560564541947,0.2953598653730789
461.0471919029931,53.92114759140764,0.3042857481988781
461.52422206512955,54.07095336069726,0.31313281239982915
461.5750071184672,54.08739681217824,0.3057889700068981
462.0518115389061,54.2379194904488,0.3146324858040166
462.52726617160687,54.3926528517416,0.323397955600246
462.5764589797291,54.40914054877247,0.31610271633728404
463.0516855928046,54.56457276653053,0.32486488028959215
463.52553204674535,54.72416297407008,0.33354976085519406
463.99797461433496,54.887862407052474,0.34215807293008726
464.0448106291705,54.90454384287362,0.33490270215505413
464.51703127557676,55.0688823083292,0.34350871709261765
464.98782014090546,55.23727857149035,0.3520389021188679
465.4571554316629,55.409684570904915,0.36049395755580926
465.50170124942406,55.42647686962652,0.3532878680309528
465.9708208307352,55.599468912953455,0.361741504809999
466.4384612418263,55.77642048926062,0.37012072819329145
466.90460252308657,55.95728426591416,0.378426224344254
467.36922556675114,56.14201328901838,0.38665867260320175
467.83231209660335,56.33056098839405,0.39481874556583385
468.29384464803087,56.522881182146946,0.4029071091605858
468.33394131012057,56.5399713503627,0.3957504252425328
468.7952944637244,56.73272145409565,0.4038401571162815
469.25507322570456,56.929197426605974,0.4118588366029319
469.7132617289229,57.129353854479355,0.4198071165053192
469.751271268117,57.14631907844297,0.41273018487199
470.2092851733591,57.346874664114324,0.4206802853336473
470.6656901671677,57.55106512241577,0.428560626178486
471.12047189840865,57.75884582232491,0.4363718474190126
471.57361673284817,57.97017253954678,0.4441145827706392
472.02511173527233,58.18500145891785,0.4517894597226446
472.47494465194256,58.40328917650191,0.45939709960813513
472.92310389338417,58.624992701390546,0.4669381176730223
473.36957851750464,58.850069457220684,0.47441312314403383
473.8143582130381,59.078477283420916,0.48182271929577736
474.2574332833122,59.310174436198366,0.4891675035168732
474.6987946303339,59.54511958927714,0.496448067375173
475.1384337391903,59.78327183439925,0.5036649966820805
475.5763426627605,60.02459068159842,0.5108188715559905
476.0125140067348,60.2690360592569,0.5179102664848609
476.44694091493733,60.516568313955084,0.5249397503879347
476.87961705494746,60.76714821012336,0.5319078866766267
477.3105366040168,61.02073692950528,0.5388152333145859
477.7396942352771,61.277296070440975,0.5456623428769558
478.16708510423473,61.53678764697921,0.5524497626088376
478.5927048355483,61.799174087826366,0.5591780344829766
479.0165495100846,62.064418235140344,0.5658476952566822
479.43861565224876,62.33248334317692,0.5724592765279954
479.85890021758473,62.60333307679604,0.579013304791117
480.2774005806417,62.87693150983524,0.5855103014911087
480.6941145231019,63.153243123356894,0.5919507830778805
481.10904022216613,63.432232803776145,0.5983352610594732
481.5221762391925,63.713865840875755,0.6046642420546524
481.9335215085844,63.998107925714116,0.610938227844823
482.34307532692327,64.28492514843236,0.6171577154252756
482.7508373423419,64.57428399596628,0.6233231970557762
483.156807544135,64.86615134966858,0.6294351603105106
483.5609862526017,65.1604944828468,0.6354940881273929
483.9633741091169,65.45728105822191,0.6415004588567506
484.3639720664268,65.75647912531272,0.647454746309394
484.7627813791649,66.05805711775061,0.6533574198040824
485.15980359458445,66.3619838505292,0.6592089442143938
485.55504054350325,66.66822851719353,0.6650097800150121
485.9484943314572,66.97676068697258,0.6707603833274369
486.3401673300582,67.28755030185961,0.6764612059651278
486.730062168553,67.60056767364385,0.6821126954780898
487.11818172557935,67.9157834808975,0.687715295196913
487.504529121115,68.23316876592152,0.6932694442762695
487.88910770861656,68.55269493165372,0.6987755777378815
488.2719210673441,68.87433373854238,0.7042341265129641
488.6529729948683,69.19805730138866,0.7096455174841552
489.0322674997558,69.52383808616074,0.7150101735269372
489.4098087944303,69.8516489067827,0.7203285135505606
489.78560128820516,70.18146292190087,0.7256009525384757
490.1596495804839,70.51325363163033,0.730827901588281
490.5319584541263,70.8469948742842,0.7360097679511952
490.90253286897536,71.18266082308806,0.7411469550710583
491.27137795554285,71.52022598288183,0.7462398626228737
491.63849900884986,71.85966518681163,0.7512888865508929
492.0039014824191,72.20095359301334,0.7562944191062533
492.36759098241606,72.54406668129023,0.7612568488841736
492.7295732619353,72.88898024978651,0.7661765608607136
493.0898542154298,73.23567041165867,0.7710539364291078
493.44843987327965,73.58411359174637,0.7758893534356739
493.8053363964972,73.93428652324462,0.7806831862153074
494.160550071566,74.2861662443789,0.7854358056265651
494.51408730541067,74.63973009508464,0.7901475790863457
494.86595462049485,74.99495571369269,0.7948188706041708
495.2161586500442,75.351821033622,0.7994500408160743
495.56470613339195,75.71030428008106,0.8040414470181063
495.91160391144496,76.0703839667791,0.8085934431994528
496.25685892226625,76.43203889264849,0.8131063800751832
496.60047819677277,76.79524813857925,0.8175806051186241
496.9424688545455,77.15999106416699,0.8220164625933708
497.2828380997487,77.52624730447508,0.8264142935849361
497.62159321715717,77.89399676681214,0.8307744360320459
497.95874156828796,78.26321962752569,0.8350972247575839
498.29429058763486,78.63389632881288,0.8393829914991917
498.6282477790031,79.00600757554906,0.8436320649395279
498.96062071194217,79.37953433213497,0.8478447707361925
499.2914170182743,79.75445781936325,0.8520214315513179
499.6206443887168,80.13075951130503,0.8561623670808358
499.948310569596,80.50842113221702,0.860267894083421
500.2744233596501,80.88742465346999,0.8643383264091158
500.59899060692004,81.26775229049886,0.8683739750276462
500.9220202057256,81.64938649977522,0.8723751480564204
501.24352009372444,82.03230997580249,0.8763421507882301
501.5634982490536,82.41650564813443,0.8802752857186462
501.8819626875497,82.80195667841714,0.8841748525731186
502.19892146004713,83.18864645745506,0.8880411483337838
502.51438264975275,83.57655860230142,0.891874467265982
502.8283543696941,83.96567695337322,0.895675100944489
503.14084476024044,84.35598557159123,0.8994433382794655
503.45186198669415,84.74746873554518,0.9031794655421317
503.7614142369517,85.14011093868437,0.9068837663901634
504.0695097192316,85.53389688653398,0.9105565218928184
504.3761566598685,85.92881149393718,0.914198010555797
504.68136330117153,86.32483988232327,0.9178085083458374
504.9851378993449,86.72196737700202,0.9213882887150495
505.28748872247064,87.12017950448411,0.9249376226249932
505.58842404855017,87.51946198982824,0.9284567785705011
505.88795216360484,87.91980075401442,0.9319460226032525
506.18608135983305,88.32118191134391,0.9354056183550963
506.48281993382307,88.7235917668658,0.9388358270611334
506.77817618482,89.12701681383005,0.9422369075825543
507.07215841304566,89.5314437311673,0.9456091164292388
507.3647749180699,89.93685938099519,0.9489527077821229
507.6560339972325,90.34325080615135,0.9522679335153299
507.9459439441139,90.75060522775297,0.9555550432180713
508.23451304705384,91.15891004278292,0.9588142842163254
508.52174958771707,91.56815282170234,0.9620459015942853
508.80766183970405,91.97832130608968,0.965250138215592
509.0922580672064,92.38940340630607,0.9684272347443432
509.3755465237055,92.80138719918698,0.9715774296658894
509.6575354507136,93.21426092576003,0.9747009593074143
509.9382330765557,93.6280129889889,0.9777980578583065
510.2176476151918,94.04263195154317,0.9808689573903218
510.4957872650783,94.45810653359395,0.9839138878775389
510.77266020806746,94.87442561063526,0.9869330772161131
511.048274608344,95.29157821133093,0.9899267512438277
511.322638611398,95.70955351538697,0.9928951337594469
511.59576034303325,96.12834085144911,0.9958384465418737
511.8676479084095,96.54792969502547,0.9987569093691118
512.1383093911189,96.9683096664342,1.0016507400370376
512.4077528522947,97.3894705287758,1.004520154377981
512.6759863297519,97.81140218593013,1.00736536627912
512.9430178371587,98.2340946805777,1.0101865877006917
513.2088553632384,98.65753819224524,1.0129840286940164
513.4735068710008,99.0817230353753,1.0157578974193449
513.7369802970019,99.50663965741967,1.0185084001635225
513.9992835506315,99.93227863695634,1.0212357413574837
514.2604245134286,100.35863068183004,1.0239401235935635
514.5204110384224,100.78568662731587,1.0266217476426407
514.7792509494994,101.21343743430602,1.0292808124711108
515.0369520407962,101.64187418751922,1.0319175152576907
515.2935220761153,102.07098809373284,1.03453205141005
515.5489687883661,102.50077048003729,1.0371246145812876
515.8032998790279,102.93121279211266,1.039695396686236
516.0565230176363,103.36230659252718,1.042244587917609
516.3086458412909,103.79404355905747,1.0447723767619914
516.5596759541843,104.22641548303024,1.0472789500156647
516.8096209271523,104.65941426768522,1.049764492800283
517.0584882972438,105.09303192655919,1.0522291885783908
517.3062855673104,105.52726058189077,1.0546732191687918
517.5530202056151,105.96209246304576,1.0570967647617628
517.7986996454598,106.39751990496288,1.0595000039341205
518.0433312848303,106.83353534661956,1.0618831136641411
518.2869224860592,107.27013132951772,1.0642462693463344
518.5294805755058,107.70730049618912,1.0665896448060712
518.7710128432525,108.14503558872012,1.0689134123140693
519.0115265428174,108.58332944729574,1.071217742600739
519.2510288908821,109.02217500876257,1.0735028048703885
519.4895270670357,109.46156530521051,1.0757687668152895
519.7270282135323,109.90149346257292,1.078015794629609
519.9635394350636,110.34195269924511,1.0802440530232031
520.1990677985453,110.7829363247209,1.08245370523528
520.4336203329175,111.22443773824689,1.084644913047927
520.6672040289568,111.66645042749445,1.0868178367995096
520.899825839103,112.10896796724894,1.0889726353979396
521.1314926772966,112.55198401811617,1.0911094663338163
521.3622114188295,112.99549232524569,1.0932284856934409
521.5919889002064,113.43948671707085,1.0953298481717013
521.8208319190182,113.8839611040652,1.09741370708484
522.0487472338262,114.32890947751523,1.0994802143830942
522.2757415640565,114.77432590830907,1.101529520663215
522.5018215899054,115.220204545741,1.103561775180868
522.7269939522541,115.66653961633149,1.1055771258629141
522.9512652525941,116.11332542266268,1.1075757193195717
523.1746420529606,116.5605563422289,1.1095577008564632
523.3971308758761,117.00822682630216,1.1115232144865477
523.6187382043024,117.45633139881232,1.1134724029419374
523.8394704816016,117.9048646552418,1.1154054076856017
524.059334111504,118.35382126153448,1.1173223689229594
524.278335458086,118.80319595301874,1.119223425613364
524.4964808457541,119.25298353334436,1.1211087154814727
524.7137765592374,119.703178873433,1.122978375028512
524.9302288435864,120.1537769104422,1.1248325395434362
525.1458439041799,120.60477264674253,1.126671343113978
525.3606279067376,121.0561611489079,1.1284949186375943
525.5745869773405,121.5079375467186,1.130303397832309
525.7877272024562,121.96009703217695,1.1320969112474533
526.0000546289712,122.41263485853553,1.133875588274302
526.2115752642292,122.86554633933748,1.1356395571566136
526.4222950760744,123.31882684746898,1.1373889450010646
526.6322199929009,123.77247181422342,1.139123877787589
526.841355903707,124.22647672837738,1.14084448037962
527.0497086581552,124.68083713527798,1.1425508765342345
527.257284066636,125.13554863594156,1.144243188912201
527.4640879003377,125.59060688616337,1.145921539087933
527.6701258913204,126.04600759563826,1.1475860475593507
527.8754037325931,126.50174652709201,1.1492368337576462
528.0799270781973,126.95781949542321,1.1508740160569602
528.2837015432929,127.41422236685554,1.1524977117839654
528.4867327042485,127.87095105810016,1.1541080372273607
528.689026098736,128.32800153552813,1.155705107647277
528.8905872258275,128.7853698143527,1.1572890372845928
529.0914215460972,129.24305195782105,1.1588599393701635
529.2915344817254,129.70104407641588,1.1604179261339649
529.4909314166063,130.15934232706587,1.1619631088141489
529.6896176964585,130.61794291236555,1.1634955976660173
529.8875986289387,131.07684207980412,1.1650155019709088
530.0848794837577,131.53603612100295,1.1665229300450033
530.2814654927996,131.99552137096177,1.168017989248047
530.477361850243,132.45529420731344,1.1695007859919908
530.6725737126851,132.91535104958686,1.1709714257495527
530.8671061992674,133.37568835847816,1.1724300130626961
531.0609643918043,133.8363026351298,1.1738766515510344
531.2541533349134,134.29719042041765,1.175311443920151
531.4466780361477,134.7583482942455,1.176734491969846
531.6385434661294,135.2197728748475,1.1781458966023042
531.8297545586862,135.68146081809752,1.179545757830189
532.0203162109885,136.14340881682608,1.1809341747846576
532.2102332836887,136.60561360014427,1.1823112457233051
532.3995106010613,137.06807193277456,1.1836770680380315
532.5881529511448,137.53078061438848,1.1850317382628406
532.7761650858853,137.99373647895086,1.1863753520815585
532.9635517212799,138.45693639407068,1.187708004335489
533.1503175375229,138.92037726035818,1.1890297890309922
533.3364671791517,139.38405601078836,1.1903407993469948
533.522005255194,139.84796961007038,1.1916411276424288
533.7069363393166,140.31211505402308,1.192930865463607
533.8912649699736,140.77648936895622,1.194210103551522
534.0749956505566,141.24108961105753,1.1954789318490837
534.2581328495448,141.70591286578517,1.1967374395082881
534.4406810006558,142.17095624726574,1.1979857148973174
534.622644502997,142.63621689769758,1.1992238456075777
534.8040277212174,143.1016919867592,1.2004519184606703
534.9848349856597,143.5673787110228,1.2016700195152987
535.165070592513,144.03327429337278,1.2028782340741113
535.344738803965,144.49937598242894,1.2040766466904813
535.5238438483556,144.96568105197446,1.2052653411752239
535.702389920329,145.43218680038845,1.2064444006032504
535.8803811809877,145.89889055008294,1.2076139073201642
536.057821758045,146.36578964694422,1.208773942948791
536.2347157459784,146.83288145977838,1.209924588395654
536.4110672061825,147.30016337976102,1.2110659238573858
536.5868801671215,147.76763281989093,1.212198028827082
536.7621586244828,148.23528721444774,1.2133209821005977
536.9369065413284,148.70312401845317,1.2144348617827827
537.1111278482477,149.1711407071362,1.2155397452936647
537.2848264435095,149.6393347754017,1.216635709374568
537.4580061932127,150.1077037373025,1.2177228300941856
537.6306709314383,150.57624512551496,1.2188011828545857
537.8028244603998,151.04495649081773,1.2198708423971691
537.9744705505933,151.51383540157363,1.2209318828085705
538.145612940947,151.9828794432148,1.2219843775265051
538.3162553389707,152.4520862177307,1.2230283993455604
538.4864014209043,152.9214533431589,1.2240640204229365
538.6560548318655,153.39097845307896,1.2250913122841354
538.8252191859975,153.86065919610874,1.226110345828591
538.9938980666152,154.33049323540357,1.2271211913352582
539.1620950263512,154.80047824815767,1.2281239184681398
539.329813587301,155.2706119251084,1.2291185962817703
539.4970572411678,155.74089197004244,1.2301052932266474
539.6638294494053,156.21131609930458,1.2310840771546099
539.830133643361,156.68188204130865,1.232055015324173
539.9959732244183,157.15258753605042,1.2330181744058102
540.1613515641369,157.62343033462267,1.2339736204871858
540.3262720043937,158.0944081987323,1.2349214190783462
540.4907378575215,158.56551890021916,1.235861635116854
540.6547524064476,159.03676022057678,1.2367943329728828
540.8183189048315,159.50812995047494,1.2377195764542623
540.9814405772003,159.97962588928374,1.2386374288114785
541.1441206190851,160.45124584459944,1.239547952742626
541.3063621971552,160.9229876317718,1.2404512103983159
541.4681684493509,161.3948490734329,1.2413472633865412
541.6295424850163,161.86682799902735,1.2422361727774947
541.7904873850305,162.3389222443439,1.2431179991083434
541.9510062019378,162.81112965104842,1.243992802387961
542.111101960077,163.28344806621791,1.2448606421016155
542.2707776557087,163.755875341876,1.2457215772156136
542.430036257143,164.2284093345293,1.246575666181906
542.5888807048649,164.7010479047051,1.2474229669426453
542.7473139116589,165.17378891648988,1.248263536934708
542.905338762733,165.646630237069,1.2490974330941693
543.0629581158402,166.1195697362671,1.2499247118607446
543.2201748014005,166.5926052860897,1.2507454291821816
543.3769916226207,167.06573476026543,1.251559640518619
543.5334113556131,167.5389560337891,1.2523674008469046
543.6894367495134,168.01226698246572,1.2531687646648706
543.8450705265972,168.48566548245503,1.2539637859955732
544.0003153823951,168.95914940981694,1.2547525183914932
544.1551739858074,169.43271664005755,1.2555350149386948
544.3096489792166,169.9063650476758,1.2563113282609528
544.4637429785993,170.38009250571076,1.2570815105238378
544.6174585736368,170.85389688528969,1.2578456134387626
544.7707983278244,171.3277760551763,1.258603688266998
544.92376477858,171.80172788131992,1.2593557858236455
545.0763604373506,172.2757502264051,1.260101956481579
545.2285877897182,172.74984094940157,1.2608422501753456
545.2900411452766,172.9417166708954,1.2438398888182327
545.3545461782943,173.13192532210428,1.2270050754107702
545.42203268404,173.3204307565647,1.2103364560941152
545.5976168157084,173.78626016398402,1.2115783119786538
545.6672350534051,173.97165649172337,1.1950583254095726
545.8498893049389,174.43468284211912,1.1964566598850261
545.9215059137475,174.61697642345632,1.1800832274331077
545.9958638830313,174.79750567926843,1.1638722680586788
546.07289622361,174.976243685107,1.14782246584931
546.1525366064574,175.1531656084516,1.1319325150488737
546.2347194024838,175.32824864148404,1.1162011198974202
546.3193797191966,175.50147193454666,1.1006269944770004
546.4064534343601,175.67281653036574,1.0852088625632472
546.6386750623712,176.11285231816387,1.0877196157324889
546.8697656083887,176.55342109729895,1.090210632226066
546.9568998887594,176.72055135428604,1.0749014597098077
547.0463017122016,176.88580912201036,1.0597461235194325
547.1379102810764,177.04918045878006,1.0447433709605178
547.2316656530398,177.21065305006556,1.0298919585635389
547.3275087617584,177.37021614827327,1.0151906519602205
547.4253814353261,177.5278605136058,1.000638225764586
547.5252264124917,177.6835783560466,0.9862334634585386
547.6269873567995,177.83736327850266,0.9719751572818032
547.7306088687459,177.98921022113328,0.9578621081260765
548.0166604299261,178.39594053945697,0.961679196779242
548.3011239231807,178.80371180914898,0.9654662521679729
548.4036668954524,178.95189737222861,0.9514385129258311
548.5079564699043,179.09817837720973,0.9375541173104347
548.6139407018901,179.24255290720487,0.9238118864186404
548.7215685925661,179.38502017264912,0.9102106496882048
549.0265432473593,179.77750082507055,0.9145327174049394
549.1342348333928,179.91733546905255,0.9010394749133646
549.2434704395317,180.0552838625501,0.8876851576453735
549.3542021626837,180.19134800228863,0.8744686168870874
549.4663830440029,180.3255308257877,0.8613887119674875
549.5799670681907,180.45783616746786,0.8484443101817778
549.6949091616699,180.5882687159905,0.8356342867175917
549.8111651897008,180.71683397282447,0.8229575245839267
549.9286919525118,180.84353821203166,0.8104129145426864
550.0474471805073,180.9683884412611,0.7979993550427142
550.3942734188021,181.3240675526871,0.8034850651415817
550.5125312264768,181.4466824769304,0.7911641097823496
550.6319404453045,181.56747671133985,0.7789723135028623
550.7524616636867,181.68645889562418,0.7669085946280534
551.1100862414071,182.03109745099866,0.7727287915731011
551.4656541428169,182.3777679568631,0.7785030085249751
551.8191689831773,182.72644102610587,0.7842316408655186
551.9356792430565,182.8426797788943,0.7721795515243204
552.0532420932973,182.9571749653413,0.7602542907697747
552.4129818444286,183.29926429566888,0.7661855374275279
552.5298707915929,183.41174589010748,0.7543471340041341
552.8915610573235,183.75164410706927,0.7603540198707757
553.2511545163647,184.09366262062628,0.7663135124221161
553.608654111791,184.4377706534636,0.7722260194600383
553.7215074837627,184.5476894684016,0.7603964545588768
553.8353293847582,184.65595758226425,0.7486917326803395
553.9500860694785,184.76258441656952,0.7371107965298203
554.3173795798532,185.0960154605272,0.7433399343028473
554.4313645671807,185.20079420382245,0.7318421031882743
554.8003408507334,185.53222361309275,0.7381411857808673
555.1671693030831,185.865922590862,0.7443906074307689
555.2787063349737,185.96866751458515,0.7329356443244022
555.6471960092579,186.30038862797628,0.7392544126037857
555.7579400025938,186.40135650208884,0.7278815348739163
555.8695167718327,186.50078363751575,0.7166294996408307
556.2432765151772,186.82637404831365,0.7231328642560548
556.3540070349067,186.92410768450665,0.7119605145246823
556.4655181977301,187.02033550045377,0.7009072606211699
556.5777817413914,187.11506802340267,0.689972081935069
556.690770100873,187.20831609293947,0.6791539650955802
556.8044563984719,187.300090839856,0.6684519039274401
556.9188144336634,187.39040366581676,0.6578648994079126
557.3108867453012,187.69335379005264,0.6649949778029756
557.4242366488669,187.782235957902,0.6544793052344371
557.5382160594094,187.86969196529066,0.6440770448315218
557.6528007157402,187.95573361684916,0.6337872157682267
557.7679669881084,188.0403729208326,0.6236088442399921
557.883691867592,188.12362207238186,0.6135409634247813
558.2886543204859,188.4087977012014,0.6211513166918285
558.4032750605371,188.4908258665826,0.6111483007572014
558.5184193051258,188.57149931733363,0.6012542118366442
558.6340657761307,188.65083044045457,0.5914681007365146
559.0451105517132,188.92692263810315,0.5993285841642031
559.159615381412,189.0051467949535,0.5896039679757017
559.274590997899,189.08206343841928,0.5799858088955316
559.6886826713439,189.35335483898788,0.5879865218232005
559.8025016694121,189.42923152714226,0.5784279853450904
559.9167621336737,189.50383492232848,0.5689744096835962
560.0314453792536,189.57717744481144,0.5596248733812708
560.1465332405619,189.64927159792933,0.5503784617274006
560.2620080610436,189.7201299569241,0.5412342667236514
560.6861487485114,189.97508458219778,0.5496621463521718
560.8004193029419,190.04509134692924,0.5405716949072783
561.2246493666166,190.29971720228886,0.549028145156083
561.337720461435,190.36889057435206,0.5399910937333887
561.7620179914234,190.62322194616104,0.5484753396892215
561.8738946861592,190.6915796575821,0.5394913557354322
561.9861215835045,190.75877421341133,0.5306071382326709
562.0986830769205,190.82481774160195,0.5218218026164476
562.2115640074293,190.8897224025555,0.5131344709188941
562.3247496541698,190.95350038071462,0.5045442717356301
562.4382257250364,191.01616387656006,0.49605034019289596
562.8731167641907,191.25152041990182,0.5050194346404249
562.9853681596572,191.3135772493089,0.49657177483713877
563.0978925668633,191.37454966011686,0.4882190650460556
563.210676789435,191.43444966514005,0.4799604564388811
563.3237080237093,191.49328927045846,0.47179510661578083
563.436973849948,191.55108046908325,0.4637221795732067
563.5504622236606,191.60783523495024,0.455740845671881
563.9943189843365,191.82539396119083,0.4651598327222226
564.4360440564375,192.04709211361322,0.4745035509201565
564.5468561472127,192.10401013739917,0.46651185076208446
564.9882004725612,192.32626471667228,0.47586561332269106
565.4273819802181,192.55260443773562,0.48514472207010684
565.8643787077075,192.78297494887008,0.4943498427043944
565.9711149012466,192.84050453627722,0.48630133642299
566.4077611402133,193.07133605762846,0.4955181841453489
566.8421938300031,193.3061457391255,0.5046616317914197
566.946329504901,193.36366725215098,0.4966086276069337
567.3804201549942,193.5989040579516,0.5057643362047481
567.4833925201475,193.65593127608733,0.49775526557091965
567.9171266084635,193.8916186441386,0.5069226853815705
568.018944135033,193.9481605123672,0.4989574258031162
568.4523072161427,194.18432152113323,0.5081360130000565
568.5529784319427,194.24038673729325,0.5002144496308603
568.9859561312529,194.4770441098276,0.5094036661840184
569.0854896164846,194.53264113190428,0.5015256917365667
569.5180676246098,194.76981723987583,0.5107250052979166
569.9483729385172,195.01092201845984,0.5198512418805756
570.045417381159,195.06646679507813,0.5119716620703034
570.4753307152348,195.3080566520503,0.5211085137049247
570.9029442561341,195.55352165422573,0.530172876545473
570.9975338523767,195.60896527615895,0.5222937551920319
571.42476299778,195.8548833071933,0.5313692214321994
571.8496662760876,196.10462350793546,0.5403727770989146
571.9418359187183,196.1599194368951,0.532496171966244
572.3663622105984,196.41008218262158,0.5415112901186685
572.7885375476964,196.664014656415,0.5504550663195191
573.2083452836658,196.9216638933434,0.5593281319569181
573.2968204365076,196.97705057525533,0.5514149687639778
573.3855562505029,197.03162787109528,0.5435909934341234
573.8070060811283,197.28631905163624,0.5525592248279554
574.2260734405845,197.54472939022065,0.5614565978703001
574.3124806038245,197.59907781335923,0.5536394962013835
574.7311680856131,197.8578785985035,0.5625486730582319
575.1474497749443,198.12034657400523,0.571387547690295
575.2315648103986,198.17442647746992,0.5635793905660584
575.6474730752407,198.43725849834902,0.5724304459128464
576.0609531229732,198.70370623217065,0.5812117465139979
576.1428129972404,198.75748012348615,0.5734146047004689
576.5559257294715,199.02426692164093,0.582208434840823
576.9665886849434,199.29461842836807,0.5909330494023841
577.0462307528468,199.34805091537834,0.5831489950153124
577.4565321190175,199.61871788708305,0.5918864601840754
577.8643629839279,199.89289901864007,0.6005552409561341
577.9418249360147,199.9459567559167,0.5927863489162992
578.3492995181725,200.2204310971194,0.6014682739038455
578.7542836815752,200.49836948758013,0.610082038012207
578.829603494365,200.5510211234648,0.6023303874883466
579.2342362266613,200.82923177537108,0.6109575622355137
579.6363594032196,201.11085678644818,0.6195170922695894
579.7095752920499,201.16307291076924,0.6117847681085085
580.1113514004966,201.44495050608938,0.6203579482729484
580.5105995718252,201.73019317331892,0.628863992845369
580.5817499461534,201.781946265817,0.6211530869885573
580.9806548913614,202.06742307568953,0.6296729944832742
581.377014250293,202.35621605532208,0.6381262687619893
581.4461376713175,202.407480434813,0.6304388816478368
581.8421570940607,202.6964903164129,0.6389062051526748
582.2356139916815,202.98876783301608,0.6473073913662852
582.6264990997258,203.28426304819902,0.6556430185442297
582.692518579618,203.3350417354834,0.6479521130501955
583.0830908042138,203.63069633045842,0.6563027675685351
583.4710757163093,203.92952138536035,0.6645883405039985
583.535165659132,203.97973478625602,0.6569269402386961
583.9228392933011,204.27870579719684,0.6652276454296517
584.307910730143,204.58080033592074,0.6734637409832263
584.3701100408551,204.6304296341019,0.6658339679969383
584.7548711426285,204.93265776021747,0.6740852752325286
585.1370157842852,205.23796277112228,0.6822724395366806
585.5165371990797,205.54629612611527,0.6903960191036669
585.8934292352634,205.8576097403269,0.6984565666409512
585.9516922531234,205.9065304803298,0.690812127968321
586.3283226328621,206.21789170199088,0.6988894390630684
586.702311212432,206.5321886023174,0.7069041569999572
586.7588025143119,206.58044120791482,0.6992991389014866
587.1325277439187,206.89477813512485,0.7073305930256457
587.5035992920668,207.21200636400386,0.7152998888484832
587.5583576120558,207.25957964306875,0.7077364472784033
587.9291633444941,207.5768411980967,0.7157224275475738
588.2973040448609,207.89694986501357,0.7236466805943329
588.6627757470087,208.21985892029005,0.7315097405193254
589.0255750312732,208.5455220942243,0.7393121362118253
589.076716247731,208.5921541367794,0.7317551352279796
589.4392935593617,208.9177787610703,0.7395754843744413
589.7991886518516,209.24611515198646,0.7473355758436102
589.8487155213485,209.2920083325233,0.7398280418233045
590.208383099221,209.62030363885444,0.7476059318945754
590.5653591297034,209.95126846453607,0.7553239681890926
590.9196416606865,210.28485757048307,0.7629826662652679
590.9666874115816,210.3298401158011,0.7555121676060446
591.3207587968436,210.66335614625868,0.763189104508633
591.6721282752306,210.99945508726103,0.7708070948005705
592.0207948297635,211.3380924317096,0.7783666450875906
592.3667579154741,211.67922411832257,0.7858682570734397
592.4105481765175,211.72305556978196,0.7784295556173619
592.756336457179,212.0640577992783,0.785950341013919
593.0994141289812,212.40751456006552,0.7934135589839131
593.4397815077497,212.75338250421055,0.8008197026417845
593.7774393462126,213.10161872341172,0.8081692603502191
593.8181350782207,213.14421135059442,0.8007745633707497
594.1556503425506,213.49226909052732,0.8081440654813576
594.4904500688762,213.84265670947778,0.8154573336331836
594.8225358030306,214.1953319932698,0.8227148479356474
595.1519094950048,214.55025316031404,0.8299170838898458
595.189670744469,214.59153567965288,0.8225788236863307
595.5189295147973,214.94623623394878,0.8298016119410785
595.8454712832267,215.303145548206,0.8369694567483794
596.1692987312606,215.6622225155733,0.8440828256662707
596.4904149140212,216.0234264540449,0.8511421817816194
596.8088232494283,216.38671710325173,0.8581479837590984
597.1245275076286,216.75205462117853,0.8651006858894723
597.1580631844921,216.79141242596776,0.8578310328437717
597.4737130197113,217.15645302967073,0.8648055779392188
597.7866552864172,217.52350571719356,0.8717273276265054
598.0968943882289,217.89253128238283,0.8785967287811642
598.4044350540523,218.26349092884826,0.8854142240316465
598.7092823283946,218.6363462664566,0.8921802518051694
599.0114415619094,219.0110593077766,0.8988952463729261
599.3109184021678,219.38759246447924,0.9055596378946724
599.6077187846514,219.76590854369798,0.9121738524627014
599.901848923962,220.14597074435332,0.9187383121452211
600.1933153052444,220.52774265344556,0.9252534350291421
600.4821246758183,220.91118824232007,0.9317196352622856
600.7682840370156,221.29627186290855,0.9381373230950256
601.0518006362171,221.68295824395037,0.9445069049213748
601.3326819590865,222.07121248719704,0.9508287833195235
601.6109357219975,222.4610000636036,0.9571033570918388
601.886569864649,222.85228680951,0.9633310213043398
602.1595925428651,223.24503892281567,0.9695121673256555
602.4300121215764,223.63922295915026,0.9756471828654698
602.6978371679784,224.0348058280433,0.9817364520124716
602.9630764448628,224.43175478909583,0.9877803552718127
603.2257389041198,224.8300374481565,0.9937792696020828
603.4858336804044,225.22962175350438,0.9997335684518127
603.7433700849673,225.63047599204154,1.005643621795513
603.9983575996433,226.03256878549715,1.0115097961692516
604.2508058709958,226.43586908664562,1.0173324547057891
604.5007247046127,226.84034617554076,1.0231119571692648
604.7481240595514,227.2459696557681,1.0288486599894586
604.993014042929,227.65270945071723,1.0345429162956181
605.2354049046536,228.06053579987594,1.040195075949871
605.4753070322954,228.4694192551482,1.0458054855802263
605.7127309460927,228.8793306771973,1.0513744886131704
605.9476872940902,229.29024123181574,1.0569024253058643
606.1801868474063,229.70212238632394,1.0623896327779505
606.4102404956272,230.11494590599844,1.0678364450429756
606.6378592423243,230.52868385053142,1.073243193039434
606.8630542006905,230.94330857052276,1.0786102046614428
607.0858365892954,231.35879270400577,1.0839378047890467
607.3062177279539,231.77510917300773,1.0892263153181672
607.5242090337077,232.19223118014648,1.0944760551901958
607.7398220169142,232.61013220526382,1.0996873404212408
607.9530682774425,233.02878600209706,1.1048604841310343
608.1639595009733,233.44816659498906,1.1099957965714946
608.3725074553988,233.8682482756382,1.1150935851549697
608.5787239873221,234.28900559988864,1.1201541544821447
608.7826210186511,234.7104133845618,1.125177806369635
608.9842105432872,235.13244670432962,1.1301648398772608
609.1835046239042,235.55508088863024,1.135115551335014
609.380515388816,235.9782915186268,1.1400302343697177
609.5752550289301,236.4020544242097,1.1449091799313882
609.7677357947858,236.8263456810428,1.1497526763192987
609.9579699936736,237.25114160765426,1.154561009207753
610.1459699868342,237.67641876257198,1.1593344616715733
610.3317481867349,238.1021539415043,1.1640733142113033
610.515317054421,238.52832417456608,1.1687778447781403
610.6966890969404,238.95490672355058,1.173448328798587
610.8758768648397,239.38187907924717,1.1780850391988373
611.0528929497286,239.80921895880516,1.1826882464288992
611.2277499819121,240.23690430314375,1.187258218486452
611.4004606280872,240.66491327440846,1.1917952209404508
611.571037589104,241.0932242534739,1.196299516954479
611.7394935977868,241.52181583749282,1.2007713673098461
611.9058414168165,241.95066683749172,1.2052110304284458
612.0700938366696,242.37975627601278,1.2096187623953698
612.2322636736138,242.80906338480204,1.213994816981284
612.3923637677589,243.23856760254387,1.2183394456645704
612.5504069811589,243.66824857264135,1.2226528976532363
612.7064061959669,244.0980861410427,1.2269354199065994
612.860374312639,244.52806035411345,1.231187257156746
613.0123242481861,244.95815145655388,1.2354086519297685
613.1622689344728,245.38833988936193,1.2395998445667846
613.3102213165608,245.81860628784102,1.2437610732447437
613.4561943510971,246.24893147965253,1.24789257399702
613.600201004743,246.67929648291266,1.2519945807337969
613.7422542526454,247.10968250433336,1.256067325262249
613.8823670769466,247.54007093740677,1.2601110373065154
614.0205524653336,247.97044336063314,1.2641259445274802
614.1568234096228,248.40078153579137,1.26811227254235
614.2911929043822,248.83106740625215,1.2720702449440395
614.4236739455869,249.26128309533297,1.276000083320369
614.5542795293084,249.6914109046947,1.2799020072730665
614.6830226504363,250.12143331277898,1.2837762344365862
614.8099163014313,250.55133297328643,1.2876229804967467
614.9349734711074,250.98109271369455,1.2914424592091827
615.058207143444,251.4106955338151,1.2952348824176187
615.1796302964256,251.84012460439044,1.2990004600719711
615.2992559009084,252.26936326572806,1.3027394002462707
615.4170969195133,252.69839502637282,1.3064519091564133
615.5331663055432,253.12720356181634,1.310138191177745
615.6474770019254,253.55577271324276,1.313798448862478
615.7600419401764,253.98408648631036,1.3174328829569397
615.8708740393898,254.41212904996846,1.321041692418662
615.9799862052455,254.83988473530874,1.324625074433305
616.0873913290393,255.26733803445052,1.3281832244314264
616.1931022867334,255.69447359945906,1.3317163361050923
616.2971319380254,256.1212762412966,1.335224601424331
616.3994931254359,256.54773092880487,1.3387082106534383
616.5001986734146,256.97382278771914,1.3421673523671265
616.5992613874625,257.3995370997122,1.3456022134665284
616.6966940532714,257.8248593014681,1.3490129791950505
616.7925094358787,258.2497749837851,1.3523998331540827
616.8867202788385,258.6742698907063,1.3557629573185643
616.9793393034058,259.09832991867813,1.3591025320524048
617.070379207736,259.5219411157354,1.3624187361237672
617.1598526660975,259.945089680712,1.3657117467202111
617.247772328098,260.3677619624773,1.368981739463699
617.334150817922,260.7899444591965,1.3722288884254645
617.4190007335819,261.21162381761474,1.3754533661407509
617.50233464618,261.6327868323644,1.3786553436234117
617.5841650991814,262.05342044529397,1.3818349903803853
617.6645046076986,262.47351174481867,1.384992474426034
617.7433656577858,262.8930479652915,1.3881279622963598
617.820760705743,263.31201648639404,1.3912416190630905
617.896702177431,263.7304048325464,1.3943336083476394
617.9712024675943,264.1482006723353,1.397404092334945
618.0442739391934,264.56539181795966,1.4004532317871803
618.1159289227472,264.98196622469305,1.4034811860573484
618.1861797156815,265.3979119903618,1.4064881131027533
618.2550385816875,265.8132173548387,1.4094741694983508
618.3225177500871,266.2278706995506,1.4124395104499836
618.3886294152067,266.64186054700036,1.4153842898074984
618.4533857357578,267.0551755603012,1.4183086600777468
618.5167988342257,267.46780454272346,1.4212127724374737
618.5788807962639,267.8797364372527,1.4240967767460884
618.6396436700966,268.29096032615877,1.4269608215583292
618.6990994659276,268.7014654305746,1.429805054136808
618.7572601553555,269.11124111008445,1.4326296204644544
618.8141376707956,269.5202768623205,1.4354346652568424
618.8697439049081,269.9285623225676,1.4382203319744145
618.9240907100324,270.3360872633751,1.4409867628345934
618.9771898976273,270.7428415941749,1.443734098823792
619.0290532377184,271.1488153609058,1.4464624797093144
619.0796924583492,271.5539987456426,1.4491720440511564
619.1291192450407,271.9583820662298,1.4518629292136964
619.1773452402549,272.361955775919,1.4545352713772886
619.224382042865,272.76471046301015,1.4571892055497528
619.270241207631,273.16663685049434,1.4598248655777626
619.3149342446812,273.5677257956995,1.462442384158133
619.3584726189996,273.96796828993695,1.465041892849011
619.4008677499185,274.3673554581489,1.467623522080964
619.442131010617,274.76587855855615,1.4701874011679728
619.482273727626,275.1635289823054,1.4727336583183277
619.5213071803373,275.56029825311583,1.4752624206454277
619.5592426005202,275.95617802692385,1.477773814178482
619.5960911718425,276.3511600915263,1.4802679638731187
619.6318640293985,276.7452363662211,1.4827449936219024
619.6665722592415,277.1383989014446,1.485205026264751
619.7002268979239,277.53063987840596,1.4876481835992674
619.7328389320414,277.9219516087174,1.4900745863909712
619.7644192977848,278.31232653401986,1.492484354383448
619.7949788804968,278.70175722560447,1.4948776063083997
619.8245285142357,279.0902363840281,1.4972544598956095
619.8530789813445,279.4777568387238,1.4996150318828159
619.8806410120274,279.86431154760487,1.501959438025497
619.9072252839309,280.24989359666296,1.5042877931065695
619.9328424217335,280.63449619955895,1.5066002109459937
619.9575029967403,281.018112697207,1.5088968044103002
619.9812175264847,281.40073655735125,1.5111776854220222
620.0039964743365,281.7823613741344,1.5134429649690455
620.0258502491176,282.16298086765875,1.515692753113873
620.0467892047235,282.54258888353866,1.517927159002804
620.0668236397523,282.9211793924443,1.5201462908750294
620.0859637971406,283.29874648963676,1.5223502560716398
620.1042198638065,283.67528439449404,1.5245391610445571
620.1216019702998,284.05078745002777,1.5267131113653782
620.1381201904594,284.4252501223903,1.5288722117341376
620.153784541078,284.79866700037223,1.53101656598799
620.1686049815748,285.17103279489004,1.5331462771098074
620.182591413675,285.5423423384636,1.5352614472367012
620.1957536810972,285.9125905846837,1.537362177668462
620.2081015692488,286.28177260766915,1.5394485688759172
620.2196448049286,286.64988360151335,1.5415207205092116
620.2303930560379,287.01691887972066,1.5435787314060114
620.2403559312991,287.3828738746318,1.5456226995996252
620.2495429799826,287.7477441368388,1.5476527223270509
620.2579636916417,288.11152533458926,1.5496688960369447
620.2656274958556,288.47421325317964,1.5516713163975124
620.2725437619805,288.83580379433783,1.5536600783043246
620.2787217989095,289.1962929755949,1.5556352758880578
620.2841708548405,289.555676929646,1.5575970025221562
620.2889001170524,289.9139519037004,1.5595453508304224
620.2929187116906,290.271114258821,1.561480412694534
620.2962357035598,290.62716046925243,1.5634022792614806
620.2988600959262,290.98208712173914,1.5653110409509354
620.3008008303285,291.3358909148324,1.5672067874625464
620.3020667863972,291.68856865818685,1.5690896077831589
620.3026667816822,292.0401172718463,1.570959590193965
620.3026095714906,292.3905337855196,1.5728168222775807
620.3019038487316,292.7398153378455,1.574661390925054
620.3005582437714,293.08795917564805,1.5764933823427985
620.2985813242966,293.4349626531811,1.578312882059457
620.2959815951863,293.7808232313635,1.5801199749327015
620.2927674983933,294.12553847700417,1.581914745155955
620.2889474128345,294.4691060620175,1.583697276265048
620.2845296542894,294.81152376262924,1.5854676511448087
620.2795224753082,295.1527894585732,1.5872259520355803
620.2739340651289,295.49290113227846,1.5889722605396752
620.2677725496027,295.831856868048,1.5907066576277566
620.2610459911291,296.16965485122824,1.5924292236451603
620.2537623885993,296.5062933673699,1.5941400383181428
620.2459296773486,296.8417708013807,1.595839180760068
620.2375557291183,297.17608563666977,1.5975267294775293
620.2286483520252,297.50923645428423,1.5992027623763994
620.2192152905413,297.8412219320376,1.600867356767826
620.2092642254817,298.1720408436312,1.602520589374154
620.1988027740005,298.5016920577678,1.6041625363347913
620.1878384895972,298.8301745372588,1.6057932732120044
620.1763788621303,299.1574873381239,1.6074128749966574
620.1644313178396,299.4836296086846,1.609021416113885
620.1520032193782,299.80860058865164,1.6106189704287042
620.1391018658522,300.1323996082057,1.6122056112515644
620.1257344928687,300.4550260870728,1.6137814113438393
620.1119082725926,300.77647953359417,1.6153464429232534
620.0976303138119,301.0967595437906,1.616900777669251
620.0829076620112,301.41586580042184,1.6184444867283077
620.0677472994529,301.7337980720413,1.6199776407191768
620.0521561452673,302.0505562120462,1.6215003097380833
620.0361410555503,302.36614015772386,1.623012563363857
620.0197088234692,302.6805499292934,1.624514470663006
620.0028661793765,302.9937856289443,1.6260061001947355
619.9856197909314,303.30584743987134,1.627487520015908
619.9679762632292,303.61673562530655,1.6289587976859474
619.9499421389378,303.9264505275481,1.6304200002716902
619.9315238984428,304.23499256698693,1.6318711943521746
619.9127279599992,304.5423622411307,1.63331244602338
619.8935606798901,304.848560123626,1.6347438209029121
619.8740283525941,305.15358686327863,1.6361653841346282
619.8541372109584,305.4574431830726,1.6375772003932152
619.8338934263795,305.7601298791876,1.6389793338887113
619.8133031089914,306.06164782001576,1.6403718483709762
619.7923723078593,306.3619979451775,1.6417548071341068
619.7711070111812,306.66118126453733,1.6431282730208032
619.7495131464958,306.959198857219,1.644492308426683
619.7275965808963,307.2560518706212,1.6458469753045435
619.7053631212514,307.5517415194331,1.647192335168576
619.6828185144319,307.8462690846511,1.6485284490985288
619.659968447544,308.1396359125959,1.649855377743818
619.636818548168,308.43184341393095,1.651173181327593
619.6133743846033,308.7228930626822,1.6524819196507536
619.589641466119,309.0127863952594,1.6537816520959172
619.5656252432103,309.3015250094793,1.6550724376313362
619.5413311078603,309.58911056359074,1.6563543348147736
619.5167643938069,309.87554477530233,1.6576274017973294
619.4919303768154,310.1608294208124,1.6588916963272187
619.4668342749565,310.4449663338416,1.6601472757535074
619.441481248888,310.7279574046689,1.6613941970298
619.4158764021431,311.00980457917046,1.6626325167178848
619.3900247814222,311.29050985786165,1.6638622909913323
619.3639313768896,311.57007529494336,1.665083575639053
619.3376011224752,311.84850299735143,1.666296426068806
619.3110388961801,312.12579512381046,1.6675008973106742
619.2842495203862,312.40195388389174,1.668697044020485
619.2572377621705,312.67698153707533,1.6698849204831978
619.230008333623,312.95088039181724,1.6710645806162487
619.2025658921689,313.2236528046207,1.6722360779728493
619.1749150408936,313.495301179113,1.6733994657452502
619.147060328872,313.76582796512696,1.6745547967679624
619.1190062515019,314.0352356577878,1.6757021235209342
619.0907572508387,314.30352679660547,1.6768414981326991
619.0623177159356,314.57070396457266,1.6779729723834738
619.0336919831855,314.8367697872684,1.6790965977082264
619.004884336666,315.1017269319675,1.6802124251996986
618.9758990084882,315.36557810675623,1.6813205056113993
618.9467401791468,315.628326059654,1.682420889360552
618.9174119778736,315.88997357774133,1.6835136265310124
618.8879184829938,316.1505234862945,1.6845987668761468
618.8582637222836,316.40997864792627,1.6856763598216737
618.8284516733313,316.6683419617338,1.6867464544684738
618.7984862638993,316.92561636245307,1.6878090995953592
618.768371372289,317.18180481962014,1.6888643436618143
618.7381108277071,317.4369103367397,1.6899122348106967
618.7077084106339,317.6909359504604,1.690952820870912
618.6771678531932,317.94388472975766,1.691986149360046
618.6464928395235,318.19575977512346,1.6930122674869716
618.6156870061511,318.4465642177639,1.6940312221544191
618.5847539423643,318.69630121880397,1.6950430599615158
618.5536971905883,318.94497396849977,1.6960478272062955
618.5225202467625,319.1925856854587,1.6970455698881732
618.4912265607172,319.439139615867,1.6980363337103928
618.4598195365527,319.68463903272516,1.6990201640824427
618.4283025330178,319.9290872350912,1.6999971061224395
618.3966788638903,320.1724875473316,1.7009672046594853
618.3649517983572,320.4148433183808,1.701930504235996
618.3331245613956,320.65615792100755,1.7028870491099966
618.3012003341545,320.8964347510904,1.7038368832573916
618.2691822543362,321.1356772269005,1.7047800503742074
618.2370734165783,321.37388878839295,1.7057165938788064
618.2048768728357,321.611072896506,1.7066465569140723
618.1725956327631,321.8472330324686,1.7075699823495691
618.1402326640965,322.0823726971158,1.7084869127836768
618.1077908930357,322.31649541021284,1.7093973905456972
618.0752732046254,322.5496047097872,1.710301457697934
618.0426824431372,322.7817041514689,1.7111991560377504
618.0100214124502,323.0127973078389,1.7120905270995976
617.977292876432,323.2428877677863,1.7129756121570239
617.9444995593184,323.47197913587314,1.713854452224652
617.9116441460931,323.7000750317078,1.7147270880601404
617.8787292828662,323.9271790893269,1.7155935601661154
617.8457575772524,324.15329495658494,1.716453908792083
617.8127315987481,324.37842629455275,1.7173081739363143
617.7796538791077,324.6025767769237,1.7181563953477124
617.746526912719,324.8257500894285,1.7189986125276553
617.7133531569771,325.04794992925815,1.7198348647318138
617.6801350326582,325.26918000449496,1.7206651909719541
617.6468749242913,325.489444033552,1.7214896300177127
617.6135751805289,325.70874574462033,1.7223082203983529
617.5802381145169,325.927088875125,1.723121000404503
617.5468660042627,326.1444771711884,1.723928008089871
617.5134610930019,326.3609143871023,1.7247292812729373
617.4800255895639,326.5764042848077,1.725524857538634
617.4465616687356,326.7909506333828,1.7263147742400005
617.4130714716243,327.00455720853864,1.7270990684998173
617.3795571060177,327.21722779212325,1.7278777772122274
617.3460206467438,327.42896617163314,1.7286509370443346
617.3124641360278,327.639776139733,1.7294185844377843
617.278889583848,327.8496614937832,1.730180755610328
617.2452989682903,328.05862603537486,1.7309374865573668
617.2116942358995,328.266673569873,1.7316888130534807
617.1780773020301,328.47380790596685,1.7324347706539376
617.1444500511949,328.6800328552284,1.7331753946961896
617.1108143374107,328.885352231678,1.733910720301349
617.0771719845438,329.0897698513579,1.7346407823756493
617.043524786652,329.29328953191316,1.7353656156118866
617.009874508325,329.4959150921796,1.7360852544908543
616.9762228850229,329.6976503517796,1.7367997332827514
616.9425716234131,329.89849913072516,1.7375090860485818
616.9089224017036,330.09846524902787,1.7382133466415377
616.8752768699759,330.2975525263164,1.7389125487083659
616.8416366505143,330.4957647814608,1.739606725690721
616.8080033381339,330.6931058322044,1.7402959108265055
616.7743785005061,330.88957949480204,1.7409801371511922
616.7407636784818,331.0851895836657,1.7416594374991359
616.7071603864122,331.27993991101675,1.74233384450487
616.6735701124675,331.47383428654535,1.7430033906043896
616.6399943189535,331.6668765170761,1.743668108036423
616.6064344426256,331.8590704062409,1.744328028843685
616.5728918950003,332.05041975415793,1.7449831848741244
616.5393680626646,332.2409283571175,1.7456336077821533
616.505864307583,332.43060000727434,1.7462793290298686
616.4723819674023,332.6194384923459,1.7469203798882553
616.4389223557533,332.80744759531785,1.7475567914383845
616.4054867625514,332.99463109415484,1.7481885945725937
616.3720764542929,333.1809927615181,1.7488158199956594
616.3386926743508,333.3665363644891,1.7494384982259579
616.3053366432669,333.55126566429897,1.750056659596611
616.2720095590419,333.7351844160642,1.7506703342566254
616.238712597423,333.9182963685283,1.7512795521720195
616.2054469121892,334.10060526380886,1.7518843431269389
616.1722136354336,334.282114837151,1.7524847367247602
616.1390138778439,334.4628288166861,1.7530807623891889
616.10584872898,334.64275092319616,1.7536724493653422
616.0727192575494,334.8218848698841,1.7542598267208236
616.0396265116796,335.0002343621492,1.7548429233467893
616.0065715191889,335.17780309736787,1.7554217679590014
615.9735552878541,335.35459476468037,1.7559963890988763
615.9405788056753,335.53061304478206,1.7565668151345184
615.9076430411395,335.70586160972044,1.7571330742617475
615.8747489434805,335.88034412269695,1.7576951945051187
615.841897442937,336.0540642378741,1.7582532037189305
615.8090894510079,336.22702560018746,1.7588071295882237
615.7763258607055,336.39923184516255,1.7593569996297758
615.7436075468057,336.5706865987368,1.7599028411930817
615.7109353660964,336.7413934770861,1.7604446814613297
615.6783101576226,336.911356086456,1.76098254745237
615.6457327429302,337.080578022998,1.7615164660196694
615.6132039263061,337.2490628726098,1.762046463853264
615.5807244950169,337.4168142107806,1.762572567480703
615.5482952195441,337.58383560244073,1.7630948032679834
615.5159168538185,337.7501306018153,1.7636131974204758
615.4835901354502,337.9157027522826,1.7641277759838463
615.4513157859581,338.08055558623676,1.7646385648449687
615.4190945109951,338.2446926249542,1.76514558973283
615.3869270005731,338.4081173784646,1.765648876219431
615.3548139292834,338.57083334542574,1.7661484497206734
615.3227559565164,338.7328440130022,1.766644335497249
615.2907537266781,338.89415285674835,1.7671365586555163
615.2588078694046,339.05476334049496,1.7676251441483704
615.2269189997738,339.2146789162396,1.768110116776108
615.1950877185159,339.3739030240409,1.7685915011872888
615.16331461222,339.5324390919162,1.7690693218795834
615.1316002535398,339.6902905357435,1.7695436032006224
615.0999452013959,339.8474607591659,1.770014369348834
615.0683500011774,340.0039531535006,1.7704816443742777
615.0368151849387,340.15977109765066,1.7709454521794736
615.0053412715971,340.3149179580204,1.7714058165202236
614.9739287671257,340.4693970884339,1.7718627610064246
614.9425781647454,340.6232118300572,1.7723163091028837
614.9112899451144,340.77636551132315,1.7727664841301198
614.8800645765151,340.9288614478598,1.7732133092651647
614.8489025150396,341.08070294242174,1.7736568075423538
614.8178042047724,341.2318932848244,1.774097001854118
614.7867700779711,341.3824357518816,1.7745339149517667
614.7558005552455,341.53233360734544,1.7749675694462645
614.7248960457334,341.68159010184985,1.7753979878090034
614.6940569472758,341.8302084728564,1.7758251923725723
614.6632836465889,341.9781919446029,1.7762492053315215
614.6325765194342,342.12554372805505,1.7766700487431173
614.6019359307874,342.2722670208603,1.7770877445280977
614.5713622350039,342.4183650073047,1.7775023144714197
614.5408557759835,342.56384085827216,1.7779137802230034
614.5104168873323,342.7086977312061,1.7783221632984727
614.4800458925232,342.8529387700737,1.7787274850798882
614.4497431050539,342.9965671053326,1.779129766816478
614.4195088286034,343.13958585389986,1.7795290296253645
614.389343357186,343.2819981191232,1.7799252944922834
614.3592469753042,343.42380699075466,1.7803185822723036
614.3292199580992,343.5650155449263,1.780708913690538
614.299262571499,343.7056268441284,1.7810963093428533
614.2693750723657,343.84564393718915,1.7814807896965732
614.2395577086406,343.98506985925724,1.7818623750911815
614.2098107194867,344.12390763178587,1.7822410857390167
614.1801343354302,344.26216026251916,1.7826169417259639
614.1505287785004,344.39983074548013,1.7829899630121435
614.1209942623666,344.536922060961,1.7833601694325987
614.0915309924748,344.673437175515,1.783727580697973
614.0621391661812,344.8093790419504,1.7840922163951882
614.0328189728851,344.94475059932597,1.784454095988118
614.0035705941596,345.07955477294837,1.7848132388182574
613.9743942038799,345.21379447437135,1.78516966410539
613.9452899683519,345.34747260139636,1.7855233909482475
613.9162580464364,345.4805920380751,1.7858744383251715
613.8872985896743,345.6131556547133,1.786222825094768
613.8584117424082,345.7451663078767,1.7865685699965574
613.8295976419034,345.87662684039765,1.7869116916516257
613.8008564184673,346.00754008138415,1.7872522085632667
613.7721881955663,346.13790884622966,1.7875901391176265
613.7435930899424,346.2677359366247,1.7879255015843398
613.7150712117273,346.39702414056967,1.788258314117165
613.6866226645553,346.525776232389,1.7885885947546178
613.658247545675,346.65399497274683,1.7889163614205978
613.6299459460585,346.7816831086639,1.7892416319250133
613.6017179505103,346.9088433735356,1.7895644239644062
613.5735636377742,347.03547848715124,1.7898847551225696
613.5454830806383,347.16159115571463,1.7902026428711633
613.5174763460394,347.2871840718659,1.7905181045703262
613.4895434951653,347.41225991470424,1.790831157469289
613.4616845835563,347.5368213498118,1.7911418187069783
613.4338996612046,347.66087102927895,1.791450105312622
613.4061887726526,347.7844115917301,1.79175603420635
613.3785519570905,347.9074456623509,1.7920596221997922
613.3509892484512,348.0299758529165,1.7923608859966729
613.3235006755054,348.1520047618204,1.7926598421934035
613.296086261954,348.27353497410473,1.7929565072796745
613.2687460265199,348.3945690614909,1.7932508976390373
613.2414799830389,348.51510958241175,1.7935430295494914
613.214288140548,348.63515908204397,1.7938329191840658
613.1871705033742,348.75472009234176,1.794120582611396
613.1601270712206,348.87379513207117,1.7944060357962988
613.1331578392517,348.99238670684537,1.7946892946003477
613.106262798178,349.1104973091604,1.7949703747824408
613.0794419343389,349.228129418432,1.7952492919993697
613.052695229784,349.34528550103283,1.7955260618063846
613.0260226623545,349.46196801033085,1.7958006996577556
612.9994242057621,349.57817938672775,1.7960732209073322
612.9728998296675,349.6939220576987,1.796343640809102
612.9464494997578,349.80919843783244,1.7966119745177451
612.9200731778221,349.92401092887155,1.7968782370891843
612.8937708218269,350.0383619197544,1.7971424434811354
612.8675423859899,350.1522537866565,1.7974046085536557
612.8413878208523,350.26568889303337,1.7976647470696872
612.8153070733516,350.3786695896631,1.7979228736955966
612.7893000868911,350.4911982146902,1.798179003001719
612.7633668014104,350.6032770936695,1.798433149462893
612.7375071534534,350.7149085396105,1.798685327458994
612.7117210762365,350.82609485302265,1.7989355512754681
612.6860084997147,350.9368383219605,1.7991838351038618
612.6603693506476,351.04714122206974,1.7994301930423493
612.6348035526636,351.1570058166333,1.7996746390962564
612.609311026324,351.26643435661805,1.7999171871785862
612.5838916891856,351.37542908072214,1.8001578511105354
612.5585454558624,351.48399221542206,1.8003966446220163
612.5332722380864,351.59212597502056,1.8006335813521703
612.5080719447678,351.6998325616949,1.8008686748498803
612.4829444820539,351.80711416554516,1.801101938574285
612.457889753387,351.91397296464305,1.8013333858952851
612.4329076595621,352.02041112508095,1.8015630300940497
612.4079980987832,352.1264308010213,1.8017908843635233
612.3831609667185,352.23203413474613,1.802016961808926
612.3583961565555,352.3372232567071,1.8022412754482513
612.3337035590547,352.4420002855754,1.8024638382127671
612.3090830626026,352.54636732829226,1.8026846629475095
612.2845345532638,352.65032648011953,1.802903762411777
612.2600579148328,352.7538798246903,1.803121149279618
612.2356530288843,352.8570294340599,1.803336836140324
612.2113197748229,352.9597773687573,1.8035508354989132
612.1870580299327,353.06212567783604,1.803763159776616
612.1628676694253,353.1640763989261,1.8039738213113576
612.1387485664872,353.26563155828524,1.8041828323582365
612.1147005923266,353.3667931708509,1.8043902050900034
612.0907236162201,353.4675632402921,1.8045959515975367
612.0668175055572,353.5679437590616,1.804800083890318
612.0429821258856,353.66793670844777,1.8050026138968995
612.0192173409547,353.7675440586269,1.805203553465378
611.9955230127592,353.8667677687157,1.8054029143638584
611.9718990015815,353.9656097868235,1.805600708280922
611.9483451660335,354.0640720501049,1.8057969468260868
611.9248613630981,354.16215648481216,1.8059916415302713
611.9014474481694,354.2598650063478,1.8061848038462518
611.8781032750929,354.3571995193175,1.8063764451491178
611.8548286962049,354.45416191758227,1.8065665767367305
611.8316235623707,354.5507540843118,1.8067552098301736
611.8084877230231,354.6469778920366,1.8069423555742024
611.7854210261994,354.7428352027012,1.8071280250376969
611.7624233185786,354.83832786771654,1.8073122292141033
611.7394944455175,354.9334577280131,1.8074949790218824
611.7166342510862,355.0282266140932,1.8076762853049502
611.6938425781034,355.1226363460842,1.8078561588331192
611.6711192681704,355.2166887337909,1.8080346103025375
611.6484641617058,355.3103855767482,1.8082116503361245
611.625877097978,355.4037286642741,1.8083872894840072
611.6033579151386,355.49671977552197,1.808561538223949
611.5809064502548,355.5893606795331,1.8087344069617854
611.5585225393404,355.68165313528954,1.808905906031848
611.5362060173877,355.77359889176626,1.8090760456973953
611.5139567183979,355.8651996879836,1.8092448361510334
611.4917744754116,355.9564572530596,1.8094122875151424
611.4696591205379,356.04737330626244,1.8095784098422936
611.4476104849844,356.1379495570623,1.8097432131156728
611.4256283990849,356.22818770518364,1.8099067072494925
611.4037126923286,356.31808944065716,1.8100689020894114
611.3818631933873,356.4076564438717,1.8102298074129433
611.3600797301428,356.49689038562605,1.8103894329298704
611.3383621297139,356.5857929271806,1.810547788282653
611.3167102184823,356.674365720309,1.810704883046835
611.2951238221189,356.7626104073497,1.8108607267314518
611.2736027656092,356.8505286212571,1.8110153287794306
611.2521468732784,356.9381219856531,1.811168698567994
611.2307559688159,357.02539211487783,1.8113208454090604
611.2094298752993,357.1123406140411,1.81147177854964
611.1881684152186,357.1989690790729,1.811621507172232
611.1669714104993,357.2852790967744,1.811770040395217
611.1458386825253,357.37127224486824,1.811917387273251
611.1247700521616,357.4569500920493,1.8120635567976544
611.1037653397763,357.5423141980348,1.8122085578968017
611.0828243652626,357.6273661136145,1.8123523994365067
611.06194694806,357.7121073807009,1.8124950902204082
611.0411329071756,357.7965395323787,1.8126366389903534
611.0203820612039,357.8806640929549,1.8127770544267765
610.9996942283485,357.96448257800796,1.8129163451490795
610.9790692264406,358.04799649443765,1.8130545197160108
610.9585068729596,358.1312073405138,1.813191586626039
610.9380069850515,358.2141166059256,1.813327554317727
610.9175693795487,358.2967257718304,1.8134624311701026
610.8971938729875,358.37903631090245,1.8135962255030318
610.8768802816271,358.4610496873814,1.8137289455775845
610.856628421467,358.5427673571206,1.813860599596401
610.8364381082649,358.6241907676356,1.8139911957040589
610.8163091575536,358.7053213581516,1.8141207419874323
610.7962413846582,358.7861605596517,1.8142492464760567
610.7762346047124,358.86670979492436,1.8143767171424852
610.7562886326751,358.94697047861087,1.814503161902648
610.7364032833462,359.0269440172527,1.8146285886162064
610.7165783713825,359.1066318093383,1.81475300508691
610.6968137113126,359.1860352453504,1.8148764190629443
610.6771091175528,359.26515570781237,1.814998838237285
610.6574644044214,359.34399457133475,1.8151202702480447
610.6378793861531,359.42255320266173,1.815240722678821
610.6183538769141,359.50083296071705,1.8153602030590408
610.5988876908151,359.57883519665006,1.815478718864303
610.5794806419259,359.65656125388136,1.8155962775167218
610.5601325442883,359.73401246814836,1.815712886385267
610.5408432119298,359.8111901675505,1.8158285527861011
610.5216124588761,359.8880956725943,1.8159432839829144
610.5024400991643,359.96473029623866,1.8160570871872634
610.483325946855,360.0410953439391,1.816169969558901
610.4642698160445,360.11719211369245,1.8162819382061084
610.4452715208774,360.19302189608123,1.816393000186026
610.4263308755578,360.2685859743176,1.816503162504981
610.4074476943607,360.3438856242873,1.8166124321188128
610.3886217916439,360.4189221145933,1.8167208159331976
610.3698529818588,360.49369670659934,1.8168283208039728
610.3511410795609,360.56821065447315,1.8169349535374568
610.332485899421,360.6424652052295,1.8170407208907697
610.3138872562355,360.71646159877304,1.81714562957215
610.2953449649361,360.7902010679409,1.8172496862412713
610.2768588406007,360.8636848385453,1.8173528975095579
610.2584286984622,360.9369141294154,1.8174552699404956
610.2400543539192,361.00989015243977,1.817556810049946
610.2217356225443,361.0826141126078,1.817657524306453
610.2034723200942,361.1550872080515,1.8177574191315529
610.1852642625182,361.2273106300867,1.8178565009000796
610.1671112659673,361.2992855632545,1.8179547759404695
610.1490131468025,361.37101318536185,1.8180522505350662
610.130969721604,361.4424946675226,1.8181489309204206
610.1129808071782,361.51373117419797,1.818244823287591
610.0950462205673,361.5847238632366,1.8183399337824397
610.0771657790561,361.655473885915,1.8184342685059338
610.0593393001805,361.72598238697725,1.8185278335144366
610.0415666017342,361.7962505046748,1.818620634820002
610.0238475017773,361.86627937080584,1.8187126783906677
610.0061818186425,361.9360701107546,1.8188039701507437
609.9885693709431,362.00562384353043,1.8188945159811025
609.971009977579,362.07494168180654,1.8189843217194657
609.9535034577443,362.1440247319588,1.8190733931606893
609.9360496309334,362.212874094104,1.8191617360570493
609.918648316948,362.2814908621381,1.8192493561185206
609.9012993359025,362.3498761237743,1.8193362590130633
609.8840025082316,362.4180309605807,1.819422450366896
609.8667576546949,362.48595644801804,1.8195079357647792
609.8495645963837,362.5536536554769,1.8195927207502889
609.8324231547267,362.6211236463151,1.819676810826091
609.8153331514951,362.68836747789425,1.8197602114542155
609.7982944088087,362.755386201617,1.8198429280563282
609.7813067491409,362.8221808629632,1.8199249660140007
609.7643699953238,362.88875250152637,1.8200063306689795
609.7474839705541,362.95510215104986,1.8200870273234528
609.7306484983968,363.0212308394627,1.8201670612403174
609.7138634027914,363.0871395889154,1.8202464376434397
609.6971285080556,363.1528294158154,1.820325161717923
609.6804436388903,363.21830133086235,1.8204032386103641
609.6638086203843,363.2835563390832,1.8204806734291186
609.6472232780184,363.34859543986727,1.8205574712445536
609.6306874376695,363.4134196270008,1.8206336370893075
609.6142009256154,363.47802988870137,1.8207091759585454
609.597763568538,363.54242720765245,1.8207840928102126
609.581375193528,363.6066125610372,1.8208583925652873
609.565035628088,363.6705869205726,1.8209320801080313
609.5487447001371,363.734351252543,1.821005160286239
609.5325022380138,363.79790651783367,1.821077637911488
609.5163080704796,363.8612536719641,1.8211495177593822
609.5001620267227,363.9243936651211,1.8212208045698013
609.4840639363612,363.9873274421916,1.8212915030471413
609.4680136294462,364.05005594279555,1.8213616178605578
609.4520109364653,364.1125801013183,1.821431153644209
609.4360556883449,364.17490084694293,1.8215001149974919
609.4201477164542,364.2370191036823,1.821568506485285
609.404286852607,364.29893579041124,1.8216363326381817
609.3884729290652,364.36065182089794,1.8217035979527267
609.3727057785411,364.42216810383576,1.8217703068916506
609.3569852342001,364.4834855428744,1.8218364638841038
609.3413111296634,364.54460503665126,1.8219020733258855
609.32568329901,364.6055274788222,1.8219671395796748
609.3101015767797,364.66625375809247,1.8220316669752599
609.2945657979747,364.7267847582473,1.822095659809765
609.2790757980619,364.78712135818216,1.822159122347876
609.2636314129754,364.8472644319332,1.8222220588220654
609.2482324791185,364.9072148487071,1.8222844734328172
609.2328788333652,364.9669734729111,1.8223463703488463
609.2175703130625,365.0265411641825,1.8224077537073198
609.202306756032,365.08591877741827,1.8224686276140778
609.187088000572,365.1451071628042,1.8225289961438502
609.1719138854585,365.2041071658443,1.8225888633404734
609.1567842499475,365.2629196273894,1.822648233217107
609.1416989337763,365.32154538366626,1.822707109756446
609.1266577771651,365.37998526630577,1.822765496910935
609.1116606208178,365.4382401023717,1.8228233986029796
609.0967073059245,365.49631071438876,1.8228808187251566
609.0817976741616,365.55419792037065,1.8229377611404223
609.0669315676938,365.61190253384797,1.8229942296823216
609.0521088291749,365.669425363896,1.8230502281551937
609.0373293017493,365.72676721516194,1.8231057603343768
609.0225928290525,365.7839288878927,1.8231608299664135
609.0078992552127,365.84091117796174,1.8232154407692525
608.9932484248511,365.8977148768962,1.82326959643245
608.9786401830834,365.9543407719037,1.8233233006173704
608.9640743755202,366.0107896458991,1.8233765569573848
608.9495508482681,366.0670622775309,1.8234293690580703
608.9350694479302,366.1231594412077,1.823481740497404
608.9206300216068,366.17908190712416,1.8235336748259607
608.9062324168963,366.2348304412873,1.8235851755671062
608.8918764818953,366.29040580554204,1.8236362462171902
608.8775620651996,366.345808757597,1.8236868902457388
608.8632890159045,366.40104005105013,1.8237371110956433
608.849057183605,366.4561004354139,1.8237869121833512
608.8348664183968,366.51099065614034,1.8238362968990538
608.820716570876,366.56571145464653,1.8238852686068734
608.8066074921397,366.620263568339,1.8239338306450499
608.7925390337865,366.67464773063864,1.8239819863261237
608.7785110479163,366.72886467100534,1.8240297389371207
608.7645233871306,366.7829151149621,1.8240770917397349
608.7505759045329,366.8367997841196,1.8241240479705079
608.7366684537285,366.8905193961999,1.8241706108410112
608.7228008888247,366.94407466506084,1.8242167835380236
608.7089730644309,366.99746630071934,1.8242625692237109
608.6951848356582,367.05069500937526,1.8243079710357986
608.68143605812,367.1037614934349,1.8243529920877535
608.6677265879313,367.15666645153414,1.8243976354689524
608.654056281709,367.2094105785618,1.8244419042448587
608.6404249965717,367.26199456568247,1.824485801457195
608.6268325901391,367.31441910035954,1.8245293301241121
608.6132789205324,367.3666848663778,1.8245724932403604
608.5997638463734,367.418792543866,1.8246152937774598
608.586287226785,367.47074280931946,1.824657734683865
608.57284892139,367.52253633562214,1.8246998188851347
608.5594487903116,367.5741737920688,1.8247415492840968
608.5460866941725,367.6256558443871,1.824782928761012
608.5327624940943,367.6769831547594,1.82482396017374
608.5194760516979,367.7281563818445,1.8248646463578986
608.5062272291023,367.779176180799,1.8249049901270276
608.4930158889243,367.8300432032992,1.824944994272749
608.4798418942783,367.8807580975618,1.8249846615649261
608.466705108775,367.93132150836544,1.825023994751823
608.453605396522,367.9817340770716,1.8250629965602592
608.4405426221219,368.03199644164556,1.8251016696957691
608.4275166506728,368.0821092366769,1.8251400168427558
608.414527347767,368.1320730934003,1.825178040664646
608.4015745794906,368.18188863971614,1.8252157438040424
608.3886582124226,368.23155650021044,1.8252531288828768
608.3757781136345,368.2810772961755,1.8252901985025618
608.3629341506895,368.33045164562964,1.8253269552441402
608.3501261916414,368.37968016333724,1.8253634016684348
608.3373541050343,368.4287634608287,1.825399540316198
608.3246177599015,368.47770214641986,1.825435373708256
608.3119170257647,368.52649682523185,1.825470904345658
608.2992517726335,368.57514809921025,1.8255061347098218
608.2866218710042,368.6236565671445,1.8255410672626766
608.2740271918589,368.67202282468713,1.8255757044468064
608.2614676066648,368.7202474643727,1.8256100486855953
608.2489429873734,368.7683310756367,1.8256441023833672
608.2364532064194,368.8162742448346,1.8256778679255259
608.2239981367194,368.86407755526017,1.8257113476786948
608.2115776516719,368.91174158716433,1.8257445439908588
608.1991916251552,368.95926691777333,1.8257774591914995
608.1868399315274,369.00665412130735,1.8258100955917307
608.1745224456247,369.0539037689984,1.8258424554844392
608.1622390427607,369.1010164291086,1.8258745411444153
608.1499895987253,369.147992666948,1.8259063548284908
608.1377739897837,369.19483304489256,1.8259378987756696
608.1255920926752,369.24153812240166,1.8259691752072609
608.1134437846123,369.2881084560359,1.826000186327012
608.1013289432794,369.33454459947455,1.8260309343212375
608.089247446832,369.38084710353286,1.8260614213589497
608.0771991738953,369.42701651617926,1.8260916495919872
608.0651840035632,369.47305338255273,1.8261216211551448
608.0532018153972,369.5189582449797,1.826151338166298
608.041252489425,369.56473164299075,1.8261808027265296
608.0293359061399,369.61037411333797,1.8262100169202586
608.0174519464988,369.6558861900111,1.8262389828153607
608.0056004919218,369.7012684042544,1.8262677024632943
607.9937814242905,369.74652128458314,1.8262961778992226
607.9819946259473,369.7916453567999,1.826324411142136
607.9702399796936,369.8366411440108,1.8263524041949744
607.9585173687888,369.8815091666418,1.8263801590447448
607.9468266769492,369.9262499424547,1.826407677662644
607.9351677883467,369.97086398656296,1.8264349620041767
607.9235405876075,370.0153518114477,1.8264620140092713
607.9119449598107,370.0597139269734,1.826488835602401
607.9003807904877,370.1039508404035,1.8265154286926961
607.8888479656198,370.148063056416,1.8265417951740623
607.8773463716379,370.19205107711883,1.8265679369252936
607.8658758954209,370.23591540206525,1.826593855810188
607.8544364242942,370.27965652826896,1.8266195536776602
607.8430278460286,370.3232749502194,1.8266450323618546
607.8316500488389,370.3667711598966,1.8266702936822536
607.8203029213828,370.4101456467863,1.826695339443794
607.8089863527592,370.45339889789466,1.826720171436972
607.7977002325073,370.496531397763,1.8267447914379566
607.7864444506048,370.53954362848253,1.8267692012086947
607.775218897467,370.5824360697088,1.8267934024970218
607.7640234639451,370.62520919867626,1.8268173970367663
607.7528580413253,370.6678634902125,1.8268411865478589
607.741722521327,370.7103994167525,1.8268647727364362
607.7306167961016,370.752817448353,1.8268881572949462
607.719540758231,370.79511805270636,1.8269113419022514
607.7084943007266,370.8373016951546,1.826934328223734
607.6974773170275,370.87936883870344,1.8269571179113973
607.6864897009996,370.9213199440358,1.8269797126039684
607.6755313469337,370.9631554695258,1.8270021139269979
607.6646021495444,371.0048758712523,1.8270243234929637
607.6537020039689,371.0464816030123,1.827046342901367
607.642830805765,371.0879731163346,1.8270681737388337
607.6319884509104,371.12935086049293,1.8270898175792114
607.6211748358008,371.1706152825195,1.82711127598367
607.610389857249,371.2117668272179,1.827132550500795
607.5996334124827,371.25280593717633,1.8271536426666861
607.5889053991441,371.29373305278057,1.8271745540050528
607.5782057152877,371.334548612227,1.827195286027309
607.5675342593793,371.37525305153537,1.8272158402326673
607.5568909302943,371.4158468045615,1.827236218108232
607.5462756273167,371.45633030301013,1.8272564211290945
607.5356882501374,371.49670397644724,1.827276450758422
607.5251286988525,371.5369682523129,1.8272963084475515
607.5145968739628,371.5771235559333,1.8273159956360816
607.5040926763712,371.6171703105336,1.8273355137519616
607.4936160073823,371.65710893724963,1.8273548642115802
607.4831667687004,371.69693985514056,1.8273740484198564
607.4727448624282,371.73666348120076,1.8273930677703278
607.4623501910655,371.7762802303718,1.8274119236452373
607.4519826575078,371.81579051555457,1.8274306174156214
607.4416421650444,371.855194747621,1.8274491504413968
607.4313286173578,371.894493335426,1.8274675240714444
607.4210419185216,371.933686685819,1.8274857396436976
607.4107819729993,371.9727752036558,1.8275037984852256
607.400548685643,372.0117592918098,1.8275217019123158
607.3903419616917,372.0506393511841,1.8275394512305612
607.3801617067701,372.08941578072216,1.82755704773494
607.3700078268872,372.1280889774198,1.827574492709899
607.3598802284349,372.166659336336,1.8275917874294354
607.3497788181861,372.20512725060445,1.8276089331571788
607.339703503294,372.24349311144437,1.8276259311464695
607.3296541912902,372.2817573081718,1.8276427826404413
607.3196307900832,372.31992022821044,1.8276594888720972
607.3096332079577,372.3579822571026,1.827676051064393
607.2996613535723,372.3959437785201,1.8276924704303115
607.2897151359585,372.433805174275,1.8277087481729417
607.2797944645193,372.4715668243302,1.827724885485555
607.2698992490277,372.50922910681015,1.8277408835516846
607.2600293996255,372.5467923980115,1.8277567435451978
607.2501848268214,372.58425707241355,1.8277724666303747
607.2403654414901,372.62162350268846,1.8277880539619797
607.2305711548707,372.6588920597119,1.8278035066853384
607.2208018785653,372.69606311257326,1.8278188259364114
607.2110575245374,372.73313702858576,1.8278340128418655
607.2013380051109,372.7701141732967,1.8278490685191482
607.1916432329682,372.80699491049756,1.8278639940765604
607.1819731211493,372.84377960223406,1.8278787906133251
607.1723275830502,372.88046860881605,1.8278934592196618
607.1627065324213,372.91706228882737,1.8279080009768567
607.1531098833665,372.9535609991358,1.82792241695733
607.143537550341,372.9899650949028,1.8279367082247084
607.1339894481508,373.0262749295932,1.8279508758338938
607.1244654919509,373.0624908549849,1.8279649208311302
607.1149655972439,373.09861322117825,1.8279788442540728
607.1054896798785,373.13464237660594,1.8279926471318566
607.0960376560483,373.17057866804214,1.8280063304851621
607.0866094422908,373.206422440612,1.8280198953262818
607.0772049554851,373.24217403780114,1.8280333426591877
607.0678241128513,373.2778338014647,1.8280466734795944
607.0584668319491,373.31340207183666,1.8280598887750257
607.0491330306758,373.34887918753907,1.8280729895248804
607.0398226272655,373.38426548559113,1.8280859767004953
607.0305355402877,373.4195613014181,1.8280988512652083
607.0212716886458,373.4547669688605,1.8281116141744214
607.0120309915759,373.48988282018286,1.8281242663756654
607.0028133686451,373.5249091860827,1.8281368088086598
606.9936187397506,373.55984639569937,1.8281492424053765
606.9844470251179,373.5946947766227,1.8281615680901
606.9752981452999,373.6294546549018,1.8281737867794892
606.9661720211753,373.66412635505367,1.8281858993826354
606.9570685739475,373.69871020007184,1.828197906801126
606.9479877251426,373.73320651143484,1.8282098099291018
606.9389293966092,373.7676156091147,1.8282216096533164
606.929893510516,373.80193781158556,1.8282333068531935
606.920879989351,373.8361734358317,1.828244902400888
606.9118887559201,373.8703227973562,1.8282563971613426
606.9029197333459,373.90438621018905,1.8282677919923431
606.8939728450662,373.9383639868953,1.828279087744578
606.8850480148326,373.9722564385835,1.8282902852616942
606.8761451667095,374.0060638749135,1.8283013853803514
606.8672642250727,374.0397866041047,1.8283123889302804
606.8584051146081,374.073424932944,1.8283232967343377
606.84956776031,374.10697916679396,1.8283341096085577
606.8407520874806,374.1404496096003,1.8283448283622104
606.831958021728,374.17383656390007,1.8283554537978546
606.8231854889654,374.20714033082953,1.8283659867113888
606.8144344154093,374.2403612101316,1.828376427892108
606.8057047275789,374.2734995001639,1.8283867781227556
606.7969963522943,374.3065554979062,1.828397038179573
606.7883092166752,374.3395294989681,1.8284072088323553
606.7796432481402,374.37242179759664,1.8284172908445004
606.7709983744049,374.4052326866838,1.8284272849730616
606.7623745234812,374.437962457774,1.8284371919687974
606.7537716236753,374.47061140107144,1.8284470125762233
606.7451896035873,374.50317980544753,1.82845674753366
606.7366283921094,374.5356679584483,1.8284663975732842
606.7280879184249,374.56807614630156,1.8284759634211776
606.7195681120068,374.6004046539243,1.8284854457973756
606.7110689026166,374.6326537649296,1.828494845415917
606.7025902203034,374.66482376163424,1.8285041629848902
606.694131995402,374.69691492506536,1.8285133992064821
606.6856941585324,374.72892753496774,1.8285225547770256
606.677276640598,374.76086186981087,1.8285316303870474
606.6688793727849,374.79271820679577,1.8285406267213133
606.6605022865601,374.824496821862,1.828549544458875
606.652145313671,374.8561979896946,1.8285583842731157
606.6438083861434,374.88782198373076,1.828567146831797
606.6354914362811,374.91936907616696,1.8285758327971031
606.6271943966641,374.9508395379653,1.8285844428256866
606.6189172001476,374.98223363886046,1.8285929775687126
606.6106597798612,375.0135516473665,1.8286014376719022
606.6024220692068,375.0447938307832,1.8286098237755777
606.5942040018585,375.07596045520285,1.8286181365147058
606.5860055117607,375.1070517855167,1.8286263765189412
606.5778265331271,375.13806808542165,1.8286345444126688
606.5696670004397,375.16900961742647,1.8286426408150458
606.5615268484474,375.1998766428584,1.828650666340046
606.5534060121652,375.23066942186944,1.8286586215964995
606.5453044268725,375.2613882134429,1.828666507188137
606.5372220281124,375.29203327539943,1.828674323713627
606.5291587516905,375.3226048644035,1.8286820717666217
606.5211145336735,375.35310323596957,1.8286897519357925
606.5130893103885,375.38352864446824,1.828697364804876
606.5050830184213,375.4138813431325,1.8287049109527098
606.4970955946156,375.44416158406386,1.8287123909532728
606.4891269760723,375.4743696182382,1.8287198053757265
606.4811771001474,375.50450569551214,1.8287271547844517
606.4732459044518,375.5345700646289,1.8287344397390903
606.4653333268494,375.56456297322416,1.8287416607945808
606.4574393054569,375.5944846678322,1.8287488185011984
606.4495637786417,375.62433539389167,1.828755913404592
606.4417066850218,375.65411539575143,1.8287629460458223
606.4338679634639,375.68382491667654,1.8287699169614005
606.4260475530824,375.7134641988538,1.8287768266833213
606.4182453932391,375.7430334833977,1.8287836757391034
606.4104614235412,375.77253301035614,1.828790464651826
606.4026955838405,375.8019630187159,1.8287971939401615
606.3949478142324,375.83132374640866,1.8288038641184157
606.3872180550552,375.86061543031616,1.8288104756965602
606.3795062468882,375.8898383062761,1.8288170291802706
606.3718123305514,375.91899260908764,1.8288235250709572
606.3641362471039,375.9480785725168,1.8288299638658057
606.3564779378434,375.9770964293021,1.8288363460578072
606.3488373443045,376.0060464111598,1.828842672135793
606.3412144082581,376.03492874878947,1.8288489425844707
606.3336090717105,376.0637436718793,1.8288551578844565
606.3260212769018,376.0924914091116,1.8288613185123088
606.3184509663052,376.12117218816775,1.8288674249405608
606.3108980826264,376.14978623573387,1.8288734776377549
606.3033625688015,376.1783337775059,1.828879477068475
606.295844367997,376.20681503819475,1.8288854236933778
606.2883434236082,376.23523024153167,1.8288913179692257
606.2808596792587,376.2635796102732,1.8288971603489186
606.2733930787987,376.2918633662064,1.8289029512815267
606.2659435663046,376.320081730154,1.8289086912123196
606.2585110860776,376.3482349219793,1.8289143805828
606.2510955826433,376.3763231605914,1.8289200198307327
606.2436970007498,376.40434666395,1.8289256093901756
606.2363152853673,376.43230564907043,1.8289311496915124
606.2289503816872,376.4602003320287,1.8289366411614791
606.2216022351209,376.4880309279663,1.828942084223197
606.2142707912989,376.5157976510951,1.8289474792962004
606.2069559960695,376.54350071470225,1.8289528267964688
606.1996577954984,376.57114033115494,1.8289581271364517
606.1923761358674,376.5987167119052,1.828963380725102
606.1851109636737,376.62623006749465,1.8289685879679034
606.1778622256284,376.6536806075593,1.828973749266897
606.170629868656,376.68106854083425,1.828978865020714
606.1634138398936,376.7083940751583,1.8289839356245983
606.1562140866894,376.73565741747865,1.828988961470439
606.1490305566023,376.7628587738555,1.8289939429467958
606.1418631974005,376.78999834946666,1.8289988804389274
606.1347119570611,376.81707634861215,1.829003774328818
606.1275767837686,376.84409297471865,1.8290086249952058
606.1204576259146,376.87104843034405,1.829013432813607
606.1133544320961,376.89794291718204,1.8290181981563451
606.1062671511154,376.9247766360664,1.8290229213925766
606.0991957319786,376.95154978697553,1.829027602888317
606.0921401238951,376.97826256903693,1.8290322430064654
606.0851002762762,377.0049151805314,1.8290368421068335
606.0780761387348,377.03150781889747,1.829041400546168
606.071067661084,377.0580406807358,1.829045918678177
606.0640747933367,377.0845139618134,1.8290503968535559
606.057097485704,377.11092785706796,1.8290548354200125
606.0501356885952,377.137282560612,1.8290592347222905
606.0431893526161,377.16357826573727,1.8290635951021939
606.0362584285687,377.1898151649188,1.8290679168986124
606.0293428674499,377.2159934498191,1.8290722004475466
606.0224426204513,377.24211331129237,1.82907644608213
606.0155576389574,377.2681749393886,1.8290806541326532
606.0086878745454,377.2941785233577,1.8290848249265874
606.0018332789843,377.32012425165345,1.8290889587886099
605.9949938042337,377.3460123119377,1.829093056040623
605.9881694024432,377.3718428910845,1.8290971170017825
605.9813600259516,377.3976161751837,1.8291011419885148
605.974565627286,377.4233323495454,1.8291051313145452
605.9677861591608,377.44899159870346,1.8291090852909164
605.9610215744772,377.47459410642,1.829113004226012
605.9542718263219,377.50014005568875,1.8291168884255793
605.9475368679668,377.52562962873924,1.8291207381927492
605.9408166528679,377.5510630070407,1.8291245538280618
605.9341111346641,377.57644037130564,1.829128335629484
605.9274202671775,377.60176190149406,1.829132083892433
605.9207440044111,377.6270277768169,1.829135798909797
605.9140823005492,377.65223817573985,1.829139480971956
605.9074351099563,377.67739327598747,1.8291431303668055
605.9008023871758,377.7024932545465,1.829146747379772
605.8941840869296,377.7275382876697,1.8291503322938372
605.8875801641176,377.7525285508797,1.8291538853895588
605.8809905738161,377.77746421897245,1.8291574069450887
605.8744152712778,377.802345466021,1.8291608972361946
605.8678542119306,377.8271724653791,1.8291643565362783
605.861307351377,377.8519453896847,1.8291677851163977
605.854774645393,377.8766644108638,1.8291711832452853
605.8482560499278,377.9013297001336,1.8291745511893662
605.8417515211029,377.92594142800647,1.8291778892127804
605.8352610152108,377.9504997642932,1.8291811975774
605.8287844887151,377.9750048781067,1.8291844765428475
605.822321898249,377.99945693786515,1.8291877263665164
605.8158732006151,378.02385611129586,1.829190947303588
605.8094383527844,378.04820256543843,1.8291941396070532
605.8030173118952,378.0724964666483,1.8291973035277262
605.7966100352531,378.09673798060015,1.8292004393142678
605.7902164803297,378.12092727229117,1.8292035472131989
605.7838366047621,378.1450645060446,1.8292066274689205
605.7774703663518,378.16914984551295,1.829209680323732
605.7711177230648,378.1931834536813,1.8292127060178487
605.7647786330298,378.21716549287066,1.8292157047894184
605.7584530545382,378.24109612474126,1.8292186768745395
605.7521409460434,378.26497551029587,1.8292216225072773
605.7458422661593,378.2888038098829,1.8292245419196815
605.7395569736609,378.31258118319977,1.8292274353418048
605.7332850274821,378.33630778929603,1.829230303001717
605.7270263867163,378.35998378657655,1.8292331451255226
605.7207810106147,378.38360933280484,1.8292359619373784
605.7145488585862,378.40718458510594,1.8292387536595092
605.7083298901966,378.43070969996984,1.8292415205122232
605.7021240651677,378.45418483325443,1.8292442627139298
605.6959313433767,378.47761014018863,1.8292469804811544
605.6897516848557,378.5009857753755,1.8292496740285547
605.6835850497905,378.5243118927953,1.8292523435689354
605.6774313985208,378.54758864580856,1.8292549893132657
605.6712906915384,378.57081618715904,1.8292576114706938
605.6651628894876,378.59399466897673,1.8292602102485613
605.6590479531638,378.6171242427811,1.8292627858524204
605.6529458435132,378.6402050594836,1.8292653384860476
605.6468565216317,378.66323726939123,1.829267868351459
605.6407799487647,378.68622102220894,1.8292703756489246
605.6347160863065,378.7091564670429,1.8292728605769852
605.6286648957991,378.7320437524032,1.829275323332464
605.6226263389322,378.7548830262069,1.8292777641104836
605.6166003775417,378.777674435781,1.829280183104478
605.6105869736099,378.80041812786493,1.8292825805062103
605.6045860892646,378.8231142486137,1.8292849565057825
605.598597686778,378.84576294360073,1.8292873112916528
605.5926217285669,378.86836435782055,1.8292896450506486
605.5866581771912,378.89091863569166,1.829291957967981
605.5807069953538,378.9134259210593,1.8292942502272558
605.5747681458998,378.93588635719817,1.8292965220104893
605.568841591816,378.9583000868153,1.829298773498123
605.5629272962299,378.9806672520527,1.8293010048690341
605.5570252224096,379.00298799449,1.8293032163005494
605.551135333763,379.0252624551475,1.8293054079684605
605.5452575938368,379.04749077448844,1.8293075800470344
605.5393919663164,379.0696730924218,1.829309732709028
605.5335384150252,379.09180954830515,1.8293118661256997
605.5276969039235,379.1139002809472,1.8293139804668224
605.5218673971086,379.13594542861017,1.8293160759006968
605.5160498588139,379.1579451290129,1.8293181525941637
605.5102442534079,379.17989951933305,1.8293202107126163
605.5044505453944,379.20180873620984,1.8293222504200122
605.4986686994114,379.2236729157466,1.8293242718788854
605.4928986802303,379.2454921935133,1.8293262752503585
605.4871404527559,379.26726670454923,1.8293282606941563
605.4813939820252,379.28899658336536,1.8293302283686144
605.4756592332077,379.310681963947,1.8293321784306942
605.4699361716036,379.3323229797561,1.829334111035993
605.4642247626444,379.353919763734,1.8293360263387566
605.4585249718915,379.3754724483037,1.8293379244918881
605.452836765036,379.39698116537244,1.8293398056469634
605.447160107898,379.41844604633405,1.8293416699542409
605.4414949664261,379.43986722207154,1.8293435175626698
605.4358413066972,379.4612448229593,1.8293453486199045
605.4301990949149,379.4825789788657,1.829347163272316
605.4245682974101,379.50386981915534,1.8293489616650005
605.41894888064,379.5251174726916,1.8293507439417924
605.413340811187,379.5463220678388,1.8293525102452737
605.4077440557592,379.5674837324648,1.8293542607167836
605.4021585811889,379.58860259394305,1.8293559954964334
605.3965843544328,379.60967877915516,1.8293577147231117
605.3910213425708,379.63071241449313,1.829359418534498
605.3854695128059,379.6517036258616,1.8293611070670721
605.3799288324636,379.67265253868027,1.829362780456126
605.3743992689914,379.693559277886,1.8293644388357704
605.3688807899578,379.71442396793526,1.8293660823389475
605.3633733630523,379.7352467328063,1.8293677110974418
605.3578769560851,379.75602769600124,1.8293693252418866
605.3523915369855,379.7767669805487,1.8293709249017773
605.3469170738025,379.79746470900557,1.829372510205479
605.3414535347038,379.8181210034594,1.8293740812802373
605.3360008879752,379.8387359855307,1.8293756382521877
605.3305591020202,379.859309776375,1.8293771812463628
605.3251281453596,379.87984249668506,1.829378710386707
605.319707986631,379.9003342666929,1.8293802257960792
605.3142985945879,379.92078520617207,1.8293817275962674
605.3088999380996,379.94119543443986,1.8293832159079964
605.3035119861505,379.9615650703592,1.8293846908509348
605.2981347078398,379.981894232341,1.829386152543707
605.2927680723808,380.00218303834606,1.8293876011038988
605.2874120491003,380.02243160588733,1.8293890366480703
605.2820666074387,380.04264005203174,1.829390459291763
605.2767317169486,380.0628084934026,1.8293918691495064
605.271407347295,380.0829370461813,1.8293932663348293
605.2660934682548,380.1030258261097,1.8293946509602685
605.2607900497159,380.1230749484917,1.8293960231373756
605.2554970616768,380.1430845281959,1.829397382976726
605.2502144742467,380.163054679657,1.8293987305879273
605.2449422576442,380.1829855168782,1.8294000660796286
605.2396803821974,380.2028771534329,1.8294013895595276
605.2344288183432,380.2227297024669,1.829402701134379
605.2291875366268,380.24254327670025,1.8294040009100039
605.2239565077014,380.2623179884293,1.8294052889912944
605.2187357023275,380.28205394952846,1.829406565482226
605.2135250913727,380.3017512714524,1.829407830485863
605.2083246458111,380.3214100652378,1.8294090841043644
605.2031343367227,380.34103044150515,1.829410326438997
605.1979541352931,380.36061251046095,1.829411557590138
605.1927840128133,380.38015638189944,1.8294127776572857
605.1876239406786,380.39966216520446,1.8294139867390653
605.1824738903887,380.41912996935133,1.8294151849332376
605.1773338335472,380.4385599029088,1.8294163723367056
605.1722037418608,380.45795207404086,1.8294175490455231
605.1670835871394,380.4773065905085,1.8294187151549002
605.1619733412948,380.49662355967155,1.829419870759212
605.1568729763414,380.5159030884908,1.829421015952005
605.1517824643948,380.53514528352935,1.8294221508260051
605.146701777672,380.55435025095477,1.8294232754731237
605.1416308884902,380.57351809654074,1.8294243899844647
605.1365697692675,380.59264892566887,1.8294254944503328
605.1315183925212,380.61174284333043,1.8294265889602395
605.1264767308686,380.63079995412824,1.8294276736029094
605.1214447570255,380.64982036227826,1.8294287484662881
605.1164224438065,380.6688041716115,1.8294298136375486
605.1114097641243,380.6877514855756,1.8294308692030974
605.1064066909893,380.70666240723665,1.8294319152485805
605.101413197509,380.725537039281,1.8294329518588919
605.0964292568881,380.7443754840168,1.8294339791181784
605.0914548424274,380.7631778433758,1.829434997109849
605.0864899275242,380.7819442189149,1.829436005916576
605.081534485671,380.8006747118181,1.8294370056203064
605.0765884904557,380.819369422898,1.8294379963022651
605.0716519155611,380.83802845259737,1.8294389780429636
605.0667247347644,380.8566519009911,1.829439950922203
605.0618069219367,380.87523986778757,1.8294409150190827
605.0568984510428,380.8937924523305,1.8294418704120066
605.0519992961406,380.91230975360037,1.8294428171786876
605.047109431381,380.9307918702162,1.8294437553961531
605.0422288310073,380.9492389004371,1.8294446851407535
605.0373574693546,380.9676509421639,1.8294456064881661
605.0324953208499,380.98602809294084,1.829446519513402
605.0276423600113,381.004370449957,1.8294474242908096
605.0227985614479,381.0226781100478,1.829448320894084
605.0179638998591,381.04095116969694,1.8294492093962695
605.0131383500345,381.05918972503764,1.8294500898697663
605.0083218868534,381.07739387185427,1.8294509623863373
605.0035144852845,381.09556370558397,1.8294518270171123
604.9987161203853,381.11369932131817,1.8294526838325922
604.993926767302,381.13180081380403,1.829453532902658
604.989146401269,381.14986827744605,1.8294543742965734
604.9843749976083,381.1679018063076,1.8294552080829902
604.9796125317296,381.18590149411244,1.8294560343299553
604.9748589791296,381.20386743424615,1.8294568531049142
604.9701143153918,381.22179971975754,1.8294576644747185
604.965378516186,381.2396984433604,1.829458468505627
604.9606515572679,381.25756369743476,1.8294592652633153
604.9559334144789,381.27539557402844,1.8294600548128788
604.9512240637456,381.29319416485845,1.8294608372188375
604.9465234810797,381.31095956131253,1.829461612545141
604.9418316425772,381.3286918544506,1.8294623808551744
604.9371485244184,381.34639113500606,1.8294631422117629
604.9324741028674,381.36405749338746,1.8294638966771766
604.927808354272,381.38169101967964,1.8294646443131342
604.9231512550627,381.3992918036454,1.829465385180809
604.9185027817532,381.41685993472674,1.8294661193408341
604.9138629109393,381.43439550204636,1.8294668468533057
604.9092316192992,381.45189859440904,1.8294675677777885
604.9046088835927,381.46936930030296,1.8294682821733215
604.8999946806608,381.48680770790116,1.8294689900984196
604.895388987426,381.50421390506295,1.82946969161108
604.8907917808912,381.5215879793351,1.8294703867687883
604.8862030381397,381.53893001795336,1.8294710756285202
604.881622736335,381.55624010784385,1.829471758246747
604.8770508527201,381.5735183356242,1.82947243467944
604.8724873646177,381.59076478760517,1.8294731049820747
604.867932249429,381.60797954979165,1.8294737692096366
604.8633854846346,381.6251627078843,1.8294744274166224
604.858847047793,381.6423143472806,1.8294750796570476
604.8543169165409,381.6594345530765,1.829475725984448
604.8497950685929,381.6765234100673,1.8294763664518854
604.8452814817407,381.6935810027494,1.829477001111952
604.8407761338533,381.71060741532114,1.8294776300167728
604.8362790028765,381.72760273168444,1.829478253218011
604.8317900668324,381.744567035446,1.8294788707668719
604.8273093038192,381.76150040991837,1.8294794827141079
604.8228366920113,381.7784029381215,1.8294800891100191
604.818372209658,381.7952747027838,1.829480690004461
604.8139158350843,381.8121157863435,1.829481285446846
604.8094675466899,381.82892627094986,1.8294818754861488
604.805027322949,381.84570623846446,1.829482460170909
604.80059514241,381.86245577046225,1.8294830395492365
604.7961709836954,381.87917494823307,1.8294836136688124
604.7917548255015,381.8958638527826,1.8294841825768957
604.7873466465975,381.9125225648338,1.8294847463203254
604.7829464258259,381.92915116482794,1.8294853049455257
604.7785541421019,381.94574973292595,1.8294858584985079
604.7741697744132,381.9623183490095,1.8294864070248735
604.7697933018195,381.9788570926822,1.8294869505698195
604.7654247034524,381.9953660432709,1.8294874891781427
604.761063958515,382.01184527982684,1.8294880228942407
604.7567110462818,382.02829488112667,1.8294885517621164
604.7523659460979,382.04471492567376,1.8294890758253821
604.7480286373795,382.0611054916994,1.8294895951272627
604.743699099613,382.07746665716377,1.8294901097105987
604.7393773123546,382.0937984997574,1.8294906196178484
604.7350632552306,382.11010109690193,1.8294911248910948
604.7307569079368,382.12637452575154,1.8294916255720448
604.726458250238,382.142618863194,1.8294921217020352
604.7221672619683,382.15883418585173,1.829492613322035
604.71788392303,382.175020570083,1.8294931004726482
604.7136082133941,382.1911780919831,1.8294935831941173
604.7093401130995,382.20730682738525,1.8294940615263275
604.7050796022531,382.22340685186197,1.8294945355088092
604.7008266610293,382.239478240726,1.8294950051807408
604.6965812696695,382.2555210690313,1.8294954705809507
604.6923434084824,382.2715354115745,1.829495931747923
604.6881130578432,382.2875213428957,1.8294963887197984
604.6838901981936,382.3034789372794,1.829496841534378
604.6796748100414,382.3194082687561,1.829497290229126
604.6754668739605,382.33530941110286,1.8294977348411736
604.6712663705904,382.3511824378446,1.8294981754073198
604.6670732806356,382.36702742225515,1.8294986119640377
604.6628875848661,382.3828444373582,1.8294990445474735
604.6587092641165,382.3986335559285,1.8294994731934526
604.6545382992862,382.4143948504927,1.8294998979374792
604.6503746713385,382.4301283933307,1.829500318814743
604.6462183613011,382.4458342564762,1.829500735860119
604.6420693502654,382.4615125117182,1.8295011491081716
604.6379276193862,382.4771632306018,1.8295015585931562
604.6337931498817,382.49278648442925,1.8295019643490225
604.629665923033,382.50838234426095,1.829502366409419
604.6255459201841,382.5239508809165,1.8295027648076925
604.6214331227413,382.5394921649756,1.829503159576892
604.6173275121733,382.55500626677923,1.8295035507497728
604.6132290700108,382.5704932564304,1.8295039383587977
604.6091377778461,382.58595320379527,1.8295043224361383
604.605053617333,382.6013861785042,1.829504703013681
604.6009765701868,382.6167922499526,1.8295050801230257
604.5969066181837,382.63217148730206,1.8295054537954911
604.5928437431603,382.6475239594811,1.8295058240621165
604.5887879270141,382.6628497351863,1.829506190953663
604.5847391517027,382.67814888288314,1.8295065545006173
604.580697399244,382.69342147080715,1.8295069147331935
604.5766626517151,382.70866756696466,1.8295072716813365
604.5726348912532,382.7238872391338,1.8295076253747231
604.5686141000546,382.7390805548654,1.8295079758427653
604.5646002603745,382.75424758148404,1.8295083231146112
604.5605933545272,382.769388386089,1.829508667219149
604.5565933648854,382.784503035555,1.829509008185008
604.5526002738803,382.7995915965333,1.8295093460405631
604.5486140640011,382.81465413545243,1.8295096808139348
604.5446347177948,382.8296907185194,1.8295100125329906
604.5406622178663,382.8447014117202,1.8295103412253502
604.5366965468778,382.8596862808212,1.8295106669183854
604.5327376875487,382.8746453913696,1.8295109896392239
604.5287856226553,382.8895788086945,1.8295113094147508
604.5248403350307,382.904486597908,1.8295116262716098
604.5209018075647,382.9193688239056,1.8295119402362063
604.5169700232029,382.9342255513675,1.8295122513347097
604.5130449649475,382.9490568447594,1.8295125595930548
604.5091266158563,382.96386276833334,1.8295128650369437
604.5052149590426,382.97864338612845,1.8295131676918501
604.5013099776754,382.99339876197195,1.829513467583018
604.4974116549786,383.00812895947996,1.8295137647354656
604.493519974231,383.02283404205843,1.8295140591739862
604.4896349187666,383.03751407290395,1.8295143509231533
604.4857564719734,383.0521691150045,1.8295146400073188
604.4818846172941,383.0667992311405,1.8295149264506154
604.4780193382252,383.08140448388554,1.8295152102769618
604.4741606183171,383.095984935607,1.8295154915100609
604.4703084411741,383.1105406484674,1.829515770173403
604.4664627904536,383.12507168442465,1.8295160462902684
604.4626236498667,383.1395781052334,1.8295163198837283
604.4587910031771,383.1540599724454,1.829516590976647
604.4549648342015,383.16851734741067,1.829516859591684
604.4511451268093,383.18295029127813,1.8295171257512948
604.447331864922,383.19735886499643,1.8295173894777346
604.4435250325137,383.2117431293148,1.8295176507930595
604.4397246136101,383.2261031447839,1.8295179097191259
604.435930592289,383.2404389717564,1.8295181662775946
604.4321429526796,383.2547506703881,1.8295184204899329
604.4283616789625,383.2690383006384,1.8295186723774144
604.4245867553694,383.28330192227133,1.8295189219611219
604.4208181661834,383.29754159485617,1.8295191692619497
604.4170558957378,383.31175737776834,1.829519414300604
604.4132999284168,383.3259493301901,1.8295196570976051
604.4095502486548,383.3401175111114,1.8295198976732898
604.4058068409366,383.3542619793305,1.82952013604781
604.4020696897968,383.368382793455,1.8295203722411397
604.3983387798199,383.38248001190226,1.8295206062730713
604.39461409564,383.3965536929005,1.8295208381632193
604.3908956219404,383.41060389448927,1.8295210679310232
604.3871833434539,383.42463067452036,1.8295212955957467
604.383477244962,383.4386340906585,1.8295215211764813
604.3797773112954,383.45261420038224,1.8295217446921468
604.376083527333,383.46657106098434,1.8295219661614928
604.3723958780025,383.4805047295729,1.8295221856030999
604.3687143482797,383.4944152630718,1.8295224030353818
604.3650389231885,383.5083027182216,1.8295226184765863
604.3613695878006,383.52216715158033,1.8295228319447983
604.3577063272355,383.5360086195239,1.8295230434579395
604.3540491266601,383.5498271782472,1.82952325303377
604.3503979712888,383.56362288376454,1.8295234606898898
604.3467528463829,383.5773957919104,1.829523666443741
604.3431137372507,383.5911459583404,1.8295238703126095
604.3394806292476,383.6048734385316,1.8295240723136246
604.3358535077751,383.6185782877836,1.8295242724637628
604.3322323582815,383.63226056121886,1.8295244707798464
604.3286171662612,383.6459203137837,1.8295246672785463
604.3250079172545,383.65955760024883,1.8295248619763838
604.3214045968479,383.67317247521015,1.8295250548897313
604.3178071906732,383.6867649930893,1.8295252460348141
604.314215684408,383.70033520813445,1.829525435427712
604.3106300637753,383.71388317442097,1.8295256230843577
604.307050314543,383.72740894585206,1.8295258090205433
604.3034764225241,383.7409125761595,1.8295259932519157
604.2999083735766,383.75439411890414,1.8295261757939834
604.296346153603,383.7678536274769,1.8295263566621136
604.2927897485504,383.78129115509904,1.8295265358715351
604.2892391444099,383.79470675482315,1.8295267134373407
604.285694327217,383.80810047953366,1.8295268893744856
604.2821552830512,383.82147238194744,1.8295270636977916
604.2786219980358,383.8348225146146,1.8295272364219457
604.2750944583373,383.848150929919,1.8295274075615033
604.2715726501664,383.861457680079,1.8295275771308877
604.2680565597765,383.8747428171481,1.829527745144393
604.2645461734643,383.8880063930155,1.829527911616184
604.2610414775696,383.9012484594067,1.8295280765602984
604.2575424584749,383.91446906788434,1.8295282399906458
604.2540491026053,383.9276682698487,1.8295284019210118
604.2505613964286,383.9408461165383,1.8295285623650575
604.2470793264545,383.9540026590306,1.8295287213363194
604.2436028792351,383.96713794824257,1.8295288788482127
604.2401320413647,383.98025203493125,1.8295290349140316
604.236666799479,383.9933449696946,1.8295291895469505
604.2332071402558,384.00641680297184,1.8295293427600248
604.229753050414,384.01946758504425,1.8295294945661915
604.2263045167142,384.0324973660357,1.8295296449782708
604.222861525958,384.0455061959133,1.8295297940089679
604.2194240649881,384.0584941244878,1.8295299416708728
604.215992120688,384.0714612014147,1.8295300879764618
604.2125656799823,384.0844074761942,1.8295302329380991
604.2091447298355,384.0973329981722,1.8295303765680364
604.2057292572533,384.11023781654086,1.8295305188784141
604.2023192492811,384.12312198033914,1.8295306598812644
604.1989146930047,384.13598553845327,1.829530799588511
604.1955155755496,384.1488285396175,1.8295309380119686
604.1921218840815,384.1616510324147,1.8295310751633451
604.1887336058054,384.17445306527674,1.8295312110542428
604.185350727966,384.1872346864853,1.82953134569616
604.1819732378475,384.19999594417226,1.8295314791004902
604.178601122773,384.2127368863204,1.829531611278524
604.1752343701048,384.22545756076386,1.8295317422414499
604.1718729672442,384.23815801518884,1.8295318720003548
604.1685169016313,384.25083829713407,1.8295320005662266
604.1651661607447,384.2634984539913,1.8295321279499532
604.1618207321014,384.2761385330061,1.8295322541623236
604.1584806032572,384.2887585812781,1.8295323792140294
604.1551457618056,384.30135864576187,1.829532503115665
604.1518161953782,384.3139387732672,1.8295326258777305
604.1484918916448,384.32649901045977,1.8295327475106289
604.1451728383128,384.33903940386176,1.8295328680246712
604.1418590231272,384.35155999985227,1.8295329874300732
604.1385504338705,384.36406084466785,1.8295331057369593
604.1352470583627,384.3765419844032,1.8295332229553622
604.1319488844607,384.3890034650116,1.8295333390952226
604.1286559000588,384.40144533230546,1.829533454166393
604.125368093088,384.4138676319567,1.8295335681786353
604.1220854515162,384.4262704094976,1.8295336811416245
604.118807963348,384.4386537103211,1.8295337930649458
604.1155356166242,384.4510175796813,1.8295339039580991
604.1122683994224,384.4633620626942,1.8295340138304983
604.1090062998563,384.475687204338,1.829534122691471
604.1057493060756,384.4879930494536,1.8295342305502613
604.102497406266,384.5002796427454,1.829534337416029
604.0992505886492,384.5125470287815,1.8295344432978506
604.0960088414824,384.5247952519944,1.8295345482047214
604.0927721530587,384.5370243566814,1.8295346521455542
604.0895405117062,384.5492343870052,1.829534755129182
604.0863139057886,384.56142538699424,1.8295348571643562
604.0830923237049,384.5735974005435,1.8295349582597504
604.0798757538888,384.58575047141477,1.829535058423958
604.0766641848091,384.5978846432371,1.8295351576654966
604.0734576049696,384.6099999595074,1.8295352559928038
604.0702560029083,384.622096463591,1.8295353534142436
604.0670593671982,384.63417419872206,1.8295354499381018
604.0638676864465,384.6462332080041,1.8295355455725897
604.0606809492947,384.65827353441034,1.8295356403258456
604.0574991444184,384.67029522078434,1.8295357342059315
604.0543222605273,384.68229830984046,1.8295358272208384
604.0511502863651,384.6942828441643,1.8295359193784826
604.047983210709,384.7062488662133,1.8295360106867111
604.0448210223702,384.71819641831695,1.8295361011532982
604.0416637101932,384.7301255426775,1.829536190785947
604.0385112630561,384.7420362813704,1.8295362795922916
604.03536366987,384.7539286763447,1.8295363675798972
604.0322209195795,384.76580276942343,1.8295364547562594
604.0290830011619,384.7776586023044,1.8295365411288067
604.0259499036277,384.7894962165604,1.8295366267048987
604.0228216160202,384.8013156536395,1.82953671149183
604.0196981274152,384.81311695486596,1.8295367954968267
604.0165794269211,384.8249001614403,1.8295368787270512
604.013465503679,384.8366653144401,1.8295369611896
604.0103563468618,384.84841245481994,1.8295370428915056
604.0072519456752,384.86014162341246,1.8295371238397369
604.0041522893566,384.87185286092836,1.8295372040411975
604.0010573671756,384.883546207957,1.82953728350273
603.9979671684334,384.89522170496696,1.8295373622311146
603.9948816824633,384.9068793923063,1.8295374402330697
603.9918008986299,384.91851931020307,1.829537517515253
603.9887248063295,384.9301414987658,1.829537594084261
603.9856533949898,384.9417459979839,1.82953766994663
603.9825866540695,384.953332847728,1.829537745108838
603.9795245730587,384.9649020877506,1.829537819577303
603.9764671414787,384.9764537576863,1.8295378933583857
603.9734143488815,384.9879878970523,1.8295379664583873
603.97036618485,384.9995045452489,1.8295380388835536
603.9673226389979,385.0110037415598,1.8295381106400734
603.9642837009693,385.02248552515266,1.829538181734078
603.9612493604391,385.03394993507936,1.829538252171643
603.9582196071124,385.04539701027664,1.8295383219587888
603.9551944307245,385.0568267895663,1.8295383911014822
603.9521738210411,385.0682393116557,1.8295384596056348
603.9491577678577,385.0796346151383,1.829538527477104
603.946146261,385.09101273849376,1.8295385947216953
603.9431392903233,385.1023737200888,1.8295386613451594
603.9401368457128,385.1137175981772,1.8295387273531958
603.9371389170834,385.1250444109004,1.8295387927514524
603.9341454943793,385.1363541962879,1.8295388575455256
603.9311565675744,385.1476469922577,1.8295389217409594
603.9281721266715,385.15892283661657,1.829538985343249
603.925192161703,385.17018176706057,1.829539048357839
603.9222166627301,385.1814238211754,1.8295391107901242
603.9192456198433,385.19264903643676,1.8295391726454504
603.9162790231618,385.20385745021093,1.8295392339291148
603.9133168628337,385.21504909975494,1.8295392946463664
603.9103591290354,385.226224022217,1.8295393548024066
603.9074058119726,385.23738225463717,1.8295394144023884
603.9044569018788,385.2485238339472,1.829539473451418
603.9015123890164,385.2596487969716,1.8295395319545564
603.8985722636756,385.2707571804273,1.8295395899168172
603.8956365161752,385.2818490209248,1.8295396473431689
603.8927051368617,385.2929243549679,1.8295397042385346
603.8897781161098,385.30398321895433,1.8295397606077923
603.8868554443222,385.3150256491763,1.8295398164557755
603.8839371119292,385.3260516818206,1.829539871787274
603.8810231093887,385.3370613529692,1.8295399266070334
603.8781134271863,385.34805469859947,1.8295399809197566
603.8752080558352,385.3590317545846,1.829540034730103
603.8723069858758,385.36999255669394,1.8295400880426902
603.8694102078757,385.3809371405935,1.8295401408620933
603.86651771243,385.39186554184624,1.8295401931928454
603.8636294901606,385.4027777959123,1.8295402450394391
603.8607455317167,385.4136739381496,1.829540296406325
603.8578658277742,385.4245540038141,1.8295403472979137
603.8549903690357,385.43541802806004,1.8295403977185751
603.8521191462307,385.44626604594066,1.82954044767264
603.8492521501154,385.45709809240805,1.8295404971643983
603.8463893714722,385.467914202314,1.8295405461981025
603.8435308011104,385.47871441040996,1.8295405947779653
603.8406764298652,385.48949875134775,1.8295406429081602
603.8378262485983,385.50026725967956,1.8295406905928235
