100.0,100.0,0.0
100.5,100.0,0.005404195002705947
100.99999269868687,100.00270208434877,0.010758763066135213
101.49996376122031,100.00808136210432,0.01606416712154557
101.99989924824135,100.01611310021303,0.021320865666111022
102.49978560771814,100.02677272539574,0.026529312807887173
102.99960966692798,100.04003582590043,0.03168995831025878
103.49935862457379,100.0558781531262,0.03680324763588105
103.99902004303404,100.07427562312319,0.0418696219901169
104.49858184074468,100.09520431797277,0.046889518363982585
104.9980322847117,100.11864048705264,0.051863369576605756
105.4973599831529,100.1445605481907,0.056791604317201205
105.99655387826753,100.17294108871195,0.06167464718657545
106.49560323913221,100.20375886638253,0.06651291873816234
106.99449765472181,100.23699081025437,0.07130683551859907
107.49322702705378,100.27261402141455,0.07605681010784693
107.69413655927644,100.28792409202046,0.06494549162433172
107.89463768577917,100.30096407526501,0.05395379395753075
108.09470855964756,100.31176914456759,0.04308071615808462
108.59424464437826,100.33330284030045,0.048121766099601615
108.79243891763865,100.34284766756431,0.037338691591327855
109.29209041365874,100.36151267559751,0.04244300956213154
109.79164012899523,100.38272780951726,0.0475005329548015
110.29107615988976,100.40646914571198,0.052511697369146404
110.4845566171817,100.41663848189239,0.04176358259313773
110.67760103077704,100.42470539884617,0.03113193427963079
110.87019086948764,100.43070303080268,0.02061577030509465
111.37008462075447,100.44101018581172,0.025904875083681667
111.56082743837304,100.4459524602498,0.015475173302197387
111.75109474548594,100.4488971148678,0.0051592194370377875
111.94087050767247,100.44987621835588,-0.005043950854187074
112.4408641473259,100.44735425362255,0.0005112306525809629
112.9408640819867,100.4476098689377,0.006015468498449028
113.1274802728694,100.44873246629601,-0.004133716892181116
113.62747600097165,100.44666561373619,0.0014232375981078071
113.81228026227443,100.44692863428675,-0.008643339107606618
113.99658937346327,100.4453355484662,-0.018599346712337983
114.18038996040401,100.44191658336732,-0.02844572949148194
114.3636693914447,100.43670165960629,-0.038183425259549875
114.54641575470447,100.42972038433429,-0.04781336540024972
115.04584433410042,100.40582280950893,-0.04180629603923203
115.22682504052688,100.39825226549057,-0.0513601223931377
115.40726399734132,100.388976741298,-0.06080780632642124
115.58715111858389,100.3780246980208,-0.07015026214498743
115.76647695343473,100.36542426775776,-0.07938839781876217
116.26490215136987,100.32577175127625,-0.07305336555633657
116.4425144065427,100.31277344694897,-0.08222019036711403
116.61956106620993,100.2981837458246,-0.0912842494075603
116.79603425184794,100.28202962883543,-0.10024643390993271
116.97192664362025,100.26433774008665,-0.1091076288591939
117.1472314618321,100.24513438454579,-0.11786871301920376
117.32194244882493,100.22444552616707,-0.12653055895859033
117.49605385130712,100.2022967864275,-0.13509403307632795
117.66956040311773,100.17871344325259,-0.143559995627057
117.84245730841842,100.15372043031022,-0.1519293007461675
118.01474022530945,100.12734233665205,-0.16020279647467905
118.18640524986456,100.09960340668285,-0.16838132478393897
118.6793339133124,100.01581001343783,-0.16112994342945264
119.17285722962295,99.93559320561154,-0.15394522877696337
119.34208240918669,99.90933402822772,-0.1621020092089993
119.83552751632767,99.8286375212487,-0.15489979281325317
120.32954101423222,99.75149697491858,-0.1477637749258296
120.49632924446895,99.72667076660275,-0.15589728819016013
120.99026554927696,99.64903748255136,-0.1487435757944473
121.4847445768448,99.574939633085,-0.141655600078046
121.97973638265991,99.50434847091934,-0.13463274381566093
122.143144721981,99.48221446245142,-0.1427748799743731
122.63805720648419,99.41106931024221,-0.13573323805642046
123.1334583955353,99.34341088957821,-0.12875627441347515
123.62931957357178,99.27921048368955,-0.12184338220501045
123.78931811002948,99.2596186726684,-0.12998950264045162
124.28509973726766,99.19480680575298,-0.12305680917828221
124.78131876757293,99.13343357084644,-0.1161877655869219
124.93886736821759,99.11504553270247,-0.12430298849532218
125.43500953118186,99.05305396771887,-0.1174140708127851
125.93156697284742,98.99448172918781,-0.11058838620814626
126.08667650985703,98.97725814487808,-0.11867125497638975
126.58315992304384,98.91806168864653,-0.11182564223215108
127.08003693592062,98.86226532608919,-0.10504285031987681
127.577280971328,98.80984043456066,-0.09832229063168141
128.07486609949532,98.76075846000097,-0.09166338029139265
128.57276702602329,98.71499092388005,-0.08506554209386197
128.72245678976873,98.70222668013946,-0.0931980331299096
129.22028689272716,98.6556950931432,-0.08657773718635431
129.7184141368237,98.61246028438029,-0.08001814547756858
129.86565961054933,98.60065276307209,-0.08811081661374853
130.36371998689376,98.55665433678625,-0.08152883375958053
130.86205916946366,98.5159350647452,-0.07500719016643442
131.0068778005408,98.50505220921852,-0.08305864411862363
131.5051541072344,98.46357062067906,-0.0765146923956257
132.00369119662255,98.42535059314925,-0.07003071771206226
132.50246562227173,98.3903638482548,-0.06360615922269375
132.64386226413467,98.38135800254803,-0.07163873083160288
133.14257978582137,98.34556926741178,-0.06519119326122436
133.64151768913123,98.31299675383474,-0.05880272475944315
134.14065349807828,98.28361233233716,-0.052472773322695954
134.27863640016778,98.27636533429686,-0.06048196503049308
134.77772216189075,98.24614278567188,-0.05412843077140428
135.27698986895712,98.21909178419915,-0.04783308067616954
135.7764179771087,98.1951843630062,-0.04159537134840585
136.27598549574037,98.17439267408555,-0.03541476464739102
136.40954098557742,98.16966085945745,-0.043415958328706594
136.90906982323457,98.14795969937643,-0.037210520689188176
137.40872370746146,98.12935873227937,-0.031061877868669985
137.9084825167907,98.11383029070375,-0.024969499940495687
138.40832665590708,98.10134683801657,-0.018932862093218095
138.53746002763867,98.09890168153285,-0.026917174971767377
139.03727890499772,98.0854447191895,-0.020854595446776703
139.53717018040044,98.07501817727956,-0.014847471475320173
140.03711506956054,98.0675947142961,-0.008895286091734178
140.16287849957425,98.06647598309915,-0.016838571978903705
140.6628076168725,98.05805709496795,-0.010860108775016641
141.16277813167162,98.05262714731836,-0.004936310379100917
141.6627720398939,98.05015900215245,0.0009333325165599149
142.16277182211647,98.05062566834299,0.00674932431835229
142.66276043381498,98.05400030488101,0.012512164581902852
142.78312551324413,98.05550641116135,0.004587764423686469
143.2831202513577,98.05780028532642,0.010378379322451448
143.78309332391,98.06298938183289,0.016116085659572565
144.28302839326108,98.07104707585036,0.021801375814153534
144.78290957297057,98.08194690026181,0.027434737438429835
145.2827214185678,98.0956625482823,0.0330166535062717
145.3977285780508,98.09946108017714,0.025125830449651776
145.8975707595147,98.11202267360022,0.030736795231183223
146.39733459046366,98.12738865144635,0.03629652952235096
146.8970052671074,98.1455329316009,0.041805509563070054
147.3965684055807,98.16642959828818,0.04726420703183942
147.89601003322156,98.19005290414006,0.052673089092303726
148.3953165799946,98.21637727211889,0.05803261843926988
148.5040099577787,98.22269212405163,0.05018394237272927
149.0033804828845,98.24777356451003,0.05557407940091075
149.50260856201152,98.27554630314089,0.060915044666574936
150.00168118816072,98.30598499280492,0.06620729466860986
150.50058573693212,98.33906446098553,0.07145128154567493
150.9993099584298,98.37475971125023,0.07664745312042598
151.49784196930585,98.41304592458836,0.08179625294323278
151.99617024494242,98.45389846062923,0.08689812033539246
152.4942836117697,98.49729285874557,0.09195349043184864
152.99217123971877,98.54320483904618,0.09696279422342169
153.09165188674814,98.5528811042943,0.08917552281237073
153.5896651354037,98.59740979351163,0.09421794289520635
154.08744752142488,98.64444909800189,0.09921442368415656
154.5849886639318,98.69397496510973,0.1041653908144462
155.0822785086297,98.74596352500697,0.10907126587300109
155.5793073206943,98.8003910913452,0.11393246643911015
156.07606567778498,98.85723416181487,0.11874940612463147
156.57254446318444,98.91646941861441,0.12352249461374099
157.0687348590632,98.978073728833,0.1282521377022383
157.5646283398671,99.0420241447503,0.13293873733640993
158.06021666582652,99.10829790405657,0.13758269165145842
158.5554918765851,99.17687242999625,0.14218439500950275
159.05044628494718,99.2477253314382,0.1467442380371562
159.54507247074142,99.32083440287566,0.1512626076626873
160.03936327479946,99.39617762435866,0.15573988715276865
160.53331179304797,99.47373316136186,0.1601764561488217
161.02691137071227,99.55347936459054,0.1645726907029581
161.52015559662985,99.63539476972731,0.16892896331353047
162.01303829767244,99.71945809712209,0.17324564296028822
162.5055535332748,99.80564825142795,0.17752309513915376
162.9976955900685,99.89394432118515,0.18176168189661546
163.48945897661937,99.98432557835552,0.1859617618637479
163.9808384182668,100.0767714778098,0.1901236902898633
164.47182885206342,100.17126165676973,0.1942478190757959
164.96242542181332,100.26777593420717,0.19833449680682813
165.45262347320778,100.36629431020226,0.2023840687852605
165.94241854905627,100.46679696526262,0.2063968770626321
166.43180638461175,100.56926425960525,0.21037326047159333
166.92078290298838,100.67367673240337,0.21431355465743795
167.4093442106703,100.78001510099948,0.218218092109296
167.89748659310976,100.8882602600868,0.22208720219099698
168.38520651041352,100.99839328086037,0.22592121117160024
168.87250059311552,101.11039541013966,0.22972044225560362
169.35936563803475,101.22424806946405,0.2334852156128293
169.84579860421672,101.33993285416283,0.23721584840799537
170.33179660895715,101.45743153240093,0.24091265482997182
170.81735692390626,101.57672604420202,0.24457594612073041
171.30247697125267,101.69779850045005,0.24820603060398838
171.7871543199851,101.82063118187072,0.2518032137135511
172.27138668223074,101.94520653799404,0.25536779802135756
172.75517190966897,102.07150718609911,0.25890008326523173
173.23850799001883,102.19951591014242,0.26240036637634345
173.72139304359936,102.32921565967061,0.2658689415063842
174.20382531996094,102.46058954871887,0.2693061000544579
174.685803194587,102.59362085469601,0.2727121306936926
175.16732516566424,102.72829301725713,0.2760873193975768
175.64838985092047,102.86458963716485,0.2794319494660211
176.12899598452876,103.00249447514013,0.28274630155115155
176.60914241407662,103.14199145070333,0.2860306536828352
177.08882809759908,103.28306464100672,0.28928528129394415
177.56805210067446,103.4256982796588,0.2925104572453572
178.04681359358167,103.56987675554167,0.2957064518507053
178.52511184851795,103.71558461162188,0.2988735329008647
179.0029462368758,103.86280654375564,0.3020119656881959
179.48031622657808,104.01152739948907,0.30512201303053654
179.95722137947024,104.1617321768541,0.3082039352949488
180.4336613487684,104.3134060231608,0.3112579904212236
180.90963587656245,104.46653423378648,0.3142844339451454
181.38514479137302,104.62110225096261,0.3172835190215224
181.8601880057613,104.7770956625596,0.3202554964469799
182.33476551399053,104.93450020087042,0.3232006146825226
182.80887738973863,105.09330174139328,0.3261191198758704
183.2825237838604,105.2534863016141,0.3290112558835667
183.75570492219884,105.4150400397891,0.3318772642928627
184.22842110344428,105.57794925372802,0.33471738444338195
184.70067269704055,105.74220037957838,0.3375318534485654
185.17246014113735,105.90777999061126,0.3403209062169026
185.6437839405877,106.07467479600899,0.3430847754729469
186.11464466498975,106.24287163965502,0.3458236917781208
186.58504294677206,106.41235749892653,0.34853788355131243
187.05497947932145,106.58311948348994,0.3512275770892668
187.5244550151526,106.75514483409984,0.35389299658677054
187.99347036411856,106.92842092140145,0.3565343641566381
188.46202639166142,107.10293524473708,0.3591518998494947
188.9301240171022,107.27867543095682,0.3617458216733658
189.39776421196936,107.45562923323374,0.36431634561306936
189.864947998365,107.63378452988377,0.3668636856494141
190.33167644736815,107.81312932319076,0.36938805377821016
190.79795067747418,107.99365173823665,0.37188966002908774
191.26377185306987,108.17534002173711,0.3743687124841326
191.7291411829433,108.35818254088295,0.37682541729633234
192.19405991882766,108.54216778218736,0.37925997870784434
192.65852935397874,108.72728435033922,0.3816725990680818
193.1225508217849,108.91352096706264,0.3840634788516195
193.58612569440936,109.10086646998298,0.3864328166759252
194.0492553814637,109.28930981149936,0.38878080931891557
194.51194132871228,109.47884005766403,0.3911076517363381
194.97418501680676,109.66944638706839,0.39341353707898286
195.4359879600501,109.86111808973622,0.39569865670972604
195.89735170518958,110.05384456602391,0.3979632002204041
196.35827783023805,110.24761532552796,0.40020735544852437
196.818767943323,110.44241998599979,0.40243130849381004
197.27882368156273,110.63824827226803,0.40463524373458437
197.7384467099692,110.83509001516829,0.4068193438439942
198.19763872037691,111.03293515048063,0.4089837898060753
198.65640143039727,111.23177371787459,0.4111287609316592
199.11473658239788,111.43159585986211,0.4132544348741263
199.57264594250654,111.63239182075824,0.41536098764500595
200.03013129963887,111.8341519456497,0.4174485936294219
200.48719446454956,112.0368666793714,0.4195174256013896
200.94383726890663,112.24052656549102,0.42156765473896396
201.400061564388,112.44512224530156,0.42359945063924
201.85586922180025,112.65064445682194,0.4256129813332077
202.3112621302187,112.85708403380576,0.42760841330046206
202.76624219614877,113.0644319047582,0.42958591148377145
203.2208113427079,113.27267909196098,0.43154563930350376
203.6749715088276,113.4818167105057,0.43348775867191414
204.1287246484755,113.69183596733511,0.4354124300072928
204.58207272989634,113.90272816029281,0.43731981224797734
205.0350177348724,114.11448467718103,0.4392100628662292
205.48756165800214,114.32709699482668,0.4410833378819756
205.93970650599695,114.54055667815562,0.4429397918764191
206.3914542969959,114.75485537927511,0.44477957800551593
206.84280705989764,114.9699848365645,0.44660284801332484
207.29376683370936,115.18593687377414,0.44840975224522683
207.7443356669125,115.40270339913236,0.45020043966101664
208.19451561684448,115.62027640446082,0.45197505784787095
208.6443087490967,115.83864796429785,0.4537337530331893
209.09371713692767,116.05781023502996,0.45547667009731185
209.54274286069182,116.27775545403158,0.4572039525861169
209.99138800728298,116.4984759388127,0.45891574272349533
210.43965466959247,116.71996408617476,0.4606121814237061
210.8875449459815,116.94221237137437,0.4622934083036143
211.33506093976752,117.16521334729529,0.46395956169481023
211.7822047587242,117.38895964362817,0.4656107786556136
212.22897851459476,117.61344396605828,0.46724719498296174
212.6753843226184,117.83865909546124,0.4688689452241852
213.12142430106957,118.06459788710643,0.47047616268867065
213.5671005708094,118.29125326986845,0.47206897945941106
214.01241525484988,118.51861824544613,0.4736475264044464
214.45737047792952,118.74668588758952,0.4752119331881959
214.9019683661009,118.97544934133434,0.4767623282826805
215.34621104632973,119.20490182224427,0.47829883897863956
215.79010064610486,119.43503661566076,0.4798215913965409
216.23363929305935,119.66584707596046,0.481330710497486
216.6768291146022,119.89732662582007,0.4828263200940115
217.11967223756062,120.12946875548879,0.4843085428607874
217.297707183812,120.22313285190766,0.4669368438003141
217.47678564739235,120.31340958816304,0.44973568739604497
217.92706666619821,120.5307733478256,0.4515516868921581
218.10555122657678,120.6173330521228,0.43449520275443465
218.55909255326898,120.8278093331804,0.43646626514268716
218.73688988216955,120.91074658608204,0.41955238619658086
219.1935255660981,121.11442243654636,0.42167575417793124
219.3705477547624,121.1938317577254,0.4049024559916794
219.54832043858994,121.2700222959756,0.3882948816034242
219.72677442561695,121.34302123419232,0.3718516875194946
219.90584250979336,121.41285688210395,0.3555715408476532
220.08545945413857,121.47955859586796,0.3394531191220973
220.26556197192187,121.54315670042517,0.3234951101348713
220.73962706067076,121.70209785781451,0.3265873891717228
220.9184812938508,121.76267870460606,0.3107571188337199
221.39453245939015,121.91556849387896,0.31398122392641614
221.87008821879093,122.06999232484544,0.31717646048607673
222.0459672436093,122.12772614641005,0.3014402672423593
222.5234221786466,122.27617406613257,0.3047654889008937
222.6979600472197,122.33107765649079,0.2891540026594912
222.8727855456881,122.38308678866744,0.2736988092899164
223.0478453195267,122.43223383186903,0.2583986335951076
223.53124552889224,122.56000017107179,0.26216170806391803
223.70480691642456,122.60657321097924,0.24698050838909458
224.18963443517382,122.72881181740992,0.2508630937271952
224.36166133104987,122.77289568625844,0.23579932225447564
224.53379566462846,122.8142542318357,0.22088736167111023
224.7059910657917,122.8529209401584,0.2061259679248728
224.87820279255214,122.88892967815283,0.1915139061037996
225.05038770177896,122.92231464408871,0.17704995032032755
225.5425714801336,123.01037784947512,0.18164351555380698
225.71302989422054,123.04168560132452,0.16728771543056853
225.8833938526712,123.07045426616602,0.15307790499614748
226.05362478614853,123.09671832926394,0.13901288151543278
226.22368559522184,123.1205124406017,0.1250914509024006
226.39354061941512,123.14187137570137,0.1113124276234938
226.89044620216097,123.19741272635753,0.11657673716883998
227.0584520374729,123.2170875069644,0.10289712927977446
227.22620061353086,123.23440953123071,0.08935791405609805
227.39366027822325,123.24941333313348,0.07595792773223975
227.560800688765,123.26213344512145,0.06269601478818787
228.05981831283057,123.29346091946378,0.06845938385323569
228.22505624488954,123.30479071174537,0.05529038352658189
228.38993453077876,123.31391619625244,0.04225751733768046
228.55442639833228,123.32087135462736,0.029359650630084833
228.71850625858875,123.32569006663854,0.016595656730177044
228.88214967557718,123.32840608596251,0.003964416876471866
229.38214574618482,123.3303882892075,0.010330977588350443
229.5438604771402,123.33205901990766,-0.002215239135501257
229.70511032238323,123.33170181235558,-0.014630548706552116
229.8658739023317,123.32934958513277,-0.02691605001311137
230.02613087154836,123.32503505856366,-0.03907283424845387
230.18586189014468,123.31879073691931,-0.05110198497091645
230.68520917871595,123.29325086369424,-0.04416772199677288
230.8430254921729,123.28627594051358,-0.05611931360922773
231.0002973007557,123.27744067742532,-0.06794503031425725
231.15700785123386,123.2667765588721,-0.07964593663336705
231.3131412865406,123.2543148037488,-0.09122308963461556
231.46868261927003,123.24008635282524,-0.10267753898438414
231.62361770559926,123.22412185714686,-0.11401032699755698
232.12037163505204,123.16724010900066,-0.10642664272566327
232.27344920733586,123.15088678755782,-0.11769048935213444
232.42591158204812,123.13286010963411,-0.12883432958352126
232.57774670039373,123.11318958099203,-0.13985918757597737
233.07286451797577,123.04348774176351,-0.13200262952380903
233.2228853498042,123.02356876885598,-0.14296217274992928
233.37227357135495,123.00206520620539,-0.15380434438594115
233.52101899380295,122.97900539403189,-0.1645301507557515
234.01426670361468,122.89711097160844,-0.15641219308425036
234.16124653994635,122.87393220294453,-0.1670761748580829
234.3075813400303,122.84925308112766,-0.17762535878139563
234.45326258782976,122.82310077517712,-0.18806073365041565
234.94444690549875,122.72962368860686,-0.179692505117921
235.08841562419278,122.70347150165296,-0.19006941415929246
235.23173123796235,122.67589874987226,-0.20033403933179406
235.37438672342554,122.64693143733638,-0.21048735219065717
235.86335132564628,122.54246317712649,-0.20187964493061683
236.0043507111346,122.5136051620179,-0.21197772408621196
236.4931590737932,122.40840827900276,-0.2033444619985958
236.6325189565658,122.37967306536416,-0.21338761993741073
236.77123069663122,122.34961609898515,-0.22332146719929424
236.90928881179602,122.31826177761093,-0.23314695524516127
237.04668831800163,122.28563416235001,-0.2428650286718277
237.18342471173443,122.25175697612391,-0.25247662524797976
237.3194939528729,122.2166536025293,-0.2619826759495565
237.45489244796804,122.18034708508966,-0.2713841049945791
237.589617033953,122.14286012687421,-0.28068182987747115
238.07005042722864,122.00435469670201,-0.2713340248098093
238.5517575330663,121.87034625019592,-0.2620708840415791
238.684204936287,121.83481853194812,-0.27138053809994744
238.81600009680966,121.7981471894308,-0.28058738205859735
238.94714046251212,121.76035379702142,-0.28969232118993693
239.0776238616798,121.72145960033511,-0.298696254112115
239.20744848865908,121.68148551692946,-0.3076000728222046
239.33661288990288,121.64045213727792,-0.3164046627290369
239.4651159504025,121.59837972599449,-0.32511090268571463
239.59295688049963,121.55528822329362,-0.33371966502183126
239.7201352030725,121.51119724666968,-0.34223181557542093
239.8466507410894,121.4661260927814,-0.3506482137246647
239.97250360552331,121.42009373952662,-0.35896971241937337
240.44063324038368,121.24443883790074,-0.34879457883695686
240.5652774050834,121.19911035999027,-0.3570827418628384
241.03373766193562,121.0243391174066,-0.3469146612436296
241.15718216138401,120.97970949056182,-0.35516938659915764
241.6259759599948,120.80583489824743,-0.34500864469891335
241.74822980051655,120.76189903151607,-0.3532298259450197
241.86985572041934,120.71705640444674,-0.3613579942154552
242.33756450714756,120.54028397937446,-0.35112116820836325
242.4580343975695,120.49615590974531,-0.35921689560826353
242.57788818142635,120.45114972791275,-0.367220782764516
243.04455255663552,120.27163827886491,-0.35691111231256745
243.1632841547611,120.22736559100694,-0.3648836221456677
243.63036680212736,120.04894530084644,-0.3545854822142074
244.09926204688668,119.87534446893646,-0.3443808660298391
244.21634149056231,119.83335116306397,-0.35238011495298327
244.685618448316,119.66078483870996,-0.34218581521840274
244.80157451461847,119.61948150695886,-0.35015202188629635
245.27123480102887,119.44796120282591,-0.33996828896383313
245.74261742054972,119.28123260492119,-0.32987698230444673
246.2156585196138,119.1192692821412,-0.3198772261581704
246.6902955346985,118.96204427387391,-0.3099681537864849
246.80335719717775,118.9258314836124,-0.31806784817795686
247.2782779146101,118.76946553001227,-0.3081654176934441
247.3901902134887,118.73384318918252,-0.3162278367557039
247.50158103631975,118.6973951992235,-0.3241991533845452
247.97553410555224,118.53812031912446,-0.3142218057828119
248.45105269902712,118.383582082733,-0.30433491036578175
248.56070820237102,118.34914012576758,-0.31232322153759995
248.66986205758107,118.31389532567796,-0.3202211982117116
249.14444496349026,118.15650706487577,-0.31026079101394854
249.6205719532039,118.00385357206788,-0.3003906628658828
250.09818243614933,117.85590687301458,-0.29060996020679974
250.57721707423747,117.71263854200217,-0.2809178382215487
250.6833521617318,117.68201344077814,-0.28893325330070674
251.16262634531603,117.53954851147127,-0.2792467062541544
251.2676384717074,117.50943744771041,-0.28722166339446975
251.37219693524165,117.47855197154327,-0.295106656054712
251.8505824982378,117.33313102319919,-0.2853451993104814
252.33036476741424,117.19238666891995,-0.2756721215225797
252.43317382386704,117.16330462073235,-0.28356656464906616
252.91320566676526,117.0234138460104,-0.27390013611105113
253.01492294038403,116.99483520196921,-0.28175376989204226
253.49520758763163,116.85581485584315,-0.27209435043157315
253.9768126636519,116.72144019400183,-0.26252233381144396
254.07677520462053,116.69457784076039,-0.2703819353454273
254.55860967957497,116.56102808334002,-0.2608160204638508
254.6574922004503,116.5346367835097,-0.26863330747618486
255.13955946742956,116.40192977903737,-0.2590738738016487
255.62287329271402,116.2738370579723,-0.2496008869836266
256.10737883496034,116.1503284412505,-0.24021353279185176
256.20380262698285,116.12671010498455,-0.24807732377891822
256.68849577997725,116.00393980614955,-0.2386943730949831
256.78384575908535,115.98073797841747,-0.24651313192167246
257.26873035531867,115.85872598255636,-0.23713500645683405
257.3630177399899,115.83593839484917,-0.24490862610561015
257.8480974809062,115.71470455587452,-0.23553574457300241
258.3342922083712,115.5980225704954,-0.22624753299359535
258.4268198097882,115.5767237687302,-0.23401733093645527
258.91319114818265,115.46078016229092,-0.22473359518000358
259.40061790141056,115.34935683040713,-0.21553368430146236
259.4913802777249,115.32948582284051,-0.22329684407847017
259.9789666153636,115.2187629166531,-0.21410068403915705
260.467550546892,115.11252855111717,-0.20498751915452162
260.55654462919125,115.09402598754333,-0.21274122986155186
261.0452725299018,114.98845592744618,-0.20363113331697447
261.534941890142,114.88734254493366,-0.19460321698027494
261.6221668661337,114.87015071353065,-0.2023446709182517
262.11196589965596,114.76966735574473,-0.1933191823043776
262.60265188298115,114.67360870618143,-0.18437507316591528
263.0941773872581,114.58194258928022,-0.17551158077558293
263.1788815317414,114.56692147492507,-0.1832725178175325
263.67050780415497,114.47579734771368,-0.1744097780060505
264.1629223673358,114.38903389799943,-0.16562688552942095
264.2458493134599,114.3751719791567,-0.17336787791809005
264.7383540081405,114.28892162322975,-0.164585217257466
265.23159720605514,114.2070000397554,-0.1558816470967166
265.7255347231697,114.1293744817164,-0.14725642777318804
265.80592200296974,114.11745062576021,-0.155005244605654
265.88607172746555,114.10492653318133,-0.1626675409030489
266.37947111729443,114.02395098059819,-0.15396303373714515
266.87355665850913,113.94727323998993,-0.14533687120318195
266.9519645103862,113.93579676901176,-0.1529728983692582
267.4461257306701,113.85960827748944,-0.14434662629236517
267.94092577961,113.78768533691809,-0.1357979603031585
268.0176022403547,113.77720834828018,-0.14340487933978352
268.5124698030055,113.70575141598252,-0.1348557024298338
269.0079301716696,113.63852775381946,-0.12638340417963656
269.5039422904415,113.57550414209881,-0.11798726718422303
269.578136323833,113.56670934214279,-0.12558733437343594
270.07419845654454,113.50408061063183,-0.1171893845312928
270.57076904351953,113.44561994352185,-0.10886689495943846
270.64325177442583,113.43769765057124,-0.11643006397598965
271.13986660854255,113.37961405654231,-0.10810547319286812
271.6369477518385,113.32566654259506,-0.0998556513471649
272.13445703191775,113.275821648826,-0.09167990211576704
272.2044811496342,113.26938379730008,-0.0992241380961576
272.7020218081203,113.2198530971619,-0.09104515996704476
273.1999509309474,113.17439338251111,-0.0829395872876808
273.6982321697114,113.13297111771828,-0.07490673730377218
274.1968300675118,113.09555276474089,-0.06694593402358873
274.26364393757694,113.0910731536255,-0.07448079124268148
274.7622577282358,113.05386717985499,-0.06651492208937215
275.261152073875,113.02063423674726,-0.05862046938295906
275.32630434413164,113.0168105992822,-0.06610352395431462
275.8252123194042,112.98378290319222,-0.058203932347970166
276.3243656304331,112.95469736588932,-0.05037513382697156
276.8237313473385,112.9295204507004,-0.042616471538110545
276.88648934752155,112.92684430586996,-0.05005747142603889
277.38586303685935,112.90182602166783,-0.042292874416105075
277.8854159277333,112.88068588812435,-0.03459781016666019
278.3851167013697,112.86339043413221,-0.026971634274989498
278.88493484090424,112.84990625213504,-0.01941370867257053
278.94458177906995,112.84874813835599,-0.026813594614642167
279.44440204324707,112.83534294761995,-0.019248345528186217
279.9443094168878,112.82571936922257,-0.011750774440212997
280.44427489244737,112.81984411726926,-0.004320255197999945
280.94427022149057,112.8176839964107,0.0030438322185775135
281.44426790029536,112.81920591015479,0.010342101764465372
281.50011612839614,112.81978351880682,0.00299461954063851
282.00011388131304,112.8212808263238,0.010302015969737788
282.50008734334955,112.82643174314033,0.017544126661387605
283.0000103907406,112.8352033563801,0.024721554336573526
283.4998576040433,112.84756287438778,0.03183489584035781
283.9996042544406,112.86347763364014,0.03888474220586202
284.1971475764932,112.87116292863121,0.03058320161337491
284.6969137555394,112.8864521455742,0.037656132769311235
285.1965592950186,112.90527576238553,0.0446659532723217
285.3913020686324,112.91397992318632,0.036385276931482746
285.8909711264329,112.93216854750644,0.04341830511637168
286.08413160365126,112.94056052208036,0.035196183231501976
286.5838219358682,112.9581549803422,0.04225161941626965
287.08337569527407,112.97927450467887,0.049244130085116744
287.27376491221696,112.98865764192492,0.04104387847669777
287.77334381386805,113.00917381946513,0.04805891471369561
288.27276650245284,113.03319402754221,0.05501140949945116
288.7720101214618,113.0606858607383,0.06190193861621296
288.95842369812834,113.07223998417903,0.053689931609878894
289.4577032106944,113.09907205413887,0.060603970556429854
289.9567852727707,113.12935549323691,0.06745640978630929
290.1404396555646,113.14176298379937,0.05927031032801544
290.63956166120647,113.17138079024258,0.0661463155922748
291.1384682169015,113.20442983500679,0.07296108307836402
291.6371379676458,113.24087801819343,0.0797151758130239
291.8168209150006,113.25523189276329,0.07152347799686076
292.3155425480778,113.29096314833379,0.07830202764154581
292.8140105188152,113.33007416643781,0.08502024758422566
293.3122044857567,113.37253309415853,0.09167869200847223
293.4879160854935,113.38868738802621,0.0834854878769744
293.9861746294258,113.43038165797348,0.09016921547980106
294.4841433728002,113.47540519619137,0.09679349658434955
294.6571276421195,113.49220143581505,0.08863282479636858
295.15516497095695,113.53645984661013,0.09528234524692714
295.65289699375114,113.58402896390058,0.10187274548390723
296.15030470982117,113.63487727760379,0.10840456789309272
296.64736968482384,113.68897346231294,0.11487834963469545
296.8151670015549,113.70833498773821,0.1066936036035453
297.3123238049908,113.7615806331948,0.11319414845601417
297.8091239805262,113.81805692093752,0.11963695184899281
297.9742253812512,113.83790392982391,0.11148999076825516
298.47112107919355,113.89353351005683,0.11795943358183791
298.9676464883271,113.95237654196009,0.12437143242662119
299.46378439109617,114.01440206270748,0.13072651342761343
299.62497242819023,114.03559447257214,0.12259207448226306
300.12121991036094,114.09673708858686,0.12897441214795213
300.61706705469476,114.16104565672786,0.13530011611991943
301.1124974836749,114.22848949948663,0.1415697046786013
301.60749533257587,114.29903814123007,0.14778369113451273
301.76355113454366,114.32227001864963,0.13964133166740167
302.25868410626333,114.39186398920249,0.14588385497672363
302.7533729907505,114.46454746269815,0.1520710364236657
303.2476027029693,114.54029025524775,0.15820338184375826
303.39979247779166,114.56457009219397,0.1500834634106618
303.89417175709474,114.6393304180021,0.15624481101199938
304.3880810303863,114.71713534797941,0.1623515714520205
304.5376697521727,114.74163696271505,0.1542796113400957
305.03173097284423,114.81847111257757,0.1604151028071752
305.5253114811519,114.8983351055187,0.16649625608212837
306.0183972000652,114.98119914184839,0.1725235672705967
306.510974517314,115.06703363594735,0.17849752774142358
306.65553869106543,115.09311557582042,0.1704336860031086
307.1482943152401,115.17792045491655,0.17643742574457377
307.6405319144934,115.26568216421282,0.1823880427553406
308.1322385645506,115.35637141966814,0.18828602147596207
308.27304468939116,115.38320104789933,0.18025637389963478
308.76494354032053,115.47284194211616,0.1861844314626384
309.25630235385375,115.56539724869377,0.19206006938758113
309.74710886638314,115.66083798728722,0.19788376535039465
310.2373512401696,115.75913539895517,0.20365599248237398
310.72701805390085,115.8602609474418,0.20937721941725984
310.83989531121836,115.88424640035565,0.19422339556607282
311.03830596201374,115.92327437651016,0.17370074441992456
311.2369211254167,115.95812519096862,0.15337442723730987
311.4356431082425,115.98884532376003,0.13324282570643442
311.63437737771966,116.01548306533607,0.11330433756889491
312.1311713033597,116.07201409199736,0.11994873142156504
312.3282384210482,116.09576606425033,0.10011648560089315
312.52516953811795,116.11554825414979,0.08047492048838967
312.72187896248175,116.13141269138734,0.06102247190101551
313.22094827465605,116.1619049923534,0.06820653323901693
313.7197856502732,116.19598182008137,0.07532691006804759
313.91307015590183,116.21056894490921,0.055884786515407736
314.4122895374727,116.23849679343627,0.06313960476143698
314.60370455432536,116.25059874814482,0.04379546896603159
314.7947561975351,116.2589712981111,0.024638085953474054
315.29460439964663,116.27128909362477,0.03221995122460264
315.4836925079773,116.27738361235625,0.013156149775112258
315.67230270297125,116.27986513950346,-0.005723172879438465
315.86036462550044,116.27878881685722,-0.024419527779294015
316.04781072145687,116.27421056164883,-0.04293441229992867
316.2345761979502,116.2661869649359,-0.06126931042810124
316.7336379587193,116.23557147595052,-0.05280319270851486
316.9182346560707,116.22581511179045,-0.07105636278059002
317.41697288287673,116.19031682359633,-0.062479602436660286
317.59939110198167,116.17890455189226,-0.0806524843744505
318.0977657230942,116.13862201906473,-0.07196689084056285
318.2779976752587,116.12562884653066,-0.09006089740611012
318.45741905079944,116.10942616627099,-0.1079783021552232
318.63597587575464,116.09007062081264,-0.12572055043845998
318.8136166492615,116.06761911321769,-0.14328907526192225
319.30849242835524,115.99621949705113,-0.1339536117455009
319.48387550840545,115.97258476683226,-0.15145181200179447
319.9781519890573,115.89714803378304,-0.1420211160624265
320.47311789882457,115.82637595761099,-0.13267458229842966
320.6449516009244,115.8034432769447,-0.15020603603302352
320.81583292383095,115.77758107790395,-0.16756544668780204
320.9857172887697,115.74884487014843,-0.18475422518576812
321.1545623466001,115.71729018209253,-0.2017737707513021
321.3223279249504,115.68297249844184,-0.21862547111308928
321.48897597488747,115.6459472011435,-0.2353107026998762
321.6544705172529,115.60626951365684,-0.25183083082927116
321.81877758879114,115.56399444845002,-0.2681872098898008
321.9818651881851,115.51917675762637,-0.2843811835164374
322.4617828505616,115.37889500495642,-0.2735685026506851
322.9431892496952,115.24381054841476,-0.26285284834204603
323.10302260306105,115.20080281229735,-0.27910507522290784
323.5836737210151,115.0630550988023,-0.2683193671677624
324.0657825583437,114.93049945990253,-0.25763041641542195
324.549280706966,114.80310453325644,-0.24703730681615887
324.7048023426508,114.76388377482888,-0.2634566346591858
324.85918420830205,114.72224293854364,-0.27971300954317124
325.0123972645567,114.67823346404097,-0.2958077759300921
325.164414237273,114.63190647427999,-0.3117422676774195
325.31520956682976,114.58331273648054,-0.32751780819683285
325.7886313769152,114.42246587412579,-0.3161970656300297
326.26384371643513,114.26698869102846,-0.3049780974552787
326.4115800306368,114.22048142440681,-0.3208210263692224
326.55811190760255,114.1717887580144,-0.3365057579417918
326.70341691133626,114.12095957982075,-0.3520336023258728
326.84747415179163,114.06804234490086,-0.36740585955891536
326.9902642366932,114.01308504607515,-0.38262381970195936
327.1317692238632,113.95613518677774,-0.39768876297364564
327.27197257411035,113.8972397560653,-0.41260195987938975
327.41085910472947,113.83644520567964,-0.4273646713358956
327.5484149436594,113.77379742907883,-0.44197814879117203
327.6846274843385,113.70934174235292,-0.4564436343402227
327.8194853412953,113.64312286694194,-0.47076236083656964
328.2650966502866,113.41633997947615,-0.45794699783887793
328.39810434687854,113.35078122904982,-0.47223966727303557
328.5297652474136,113.28353059502172,-0.4863870320635151
328.66007052356684,113.21463087432328,-0.5003903065278941
329.0987681350287,112.97474690097744,-0.4872557545893099
329.22731215466024,112.9066354999818,-0.5012369534191343
329.3545119296027,112.83694151015767,-0.5150754684285017
329.7896396289092,112.59064128908835,-0.5017747032077495
329.9151308890376,112.52179564362143,-0.5155931798227451
330.0392908551363,112.4514310837639,-0.5292703550885287
330.16211406576673,112.3795872065397,-0.5428074165247545
330.28359597782804,112.30630297195057,-0.5562055429584478
330.4037329299907,112.23161669684445,-0.5694659046095558
330.82482739064744,111.96202558627992,-0.5555913429842958
330.94342975116916,111.88839429063329,-0.568838854411883
331.36469317549296,111.61906728086147,-0.5549546195615958
331.7896552753501,111.35561496275953,-0.5411967508750015
331.90648235353274,111.28539516487976,-0.5545544862879703
332.02202567882046,111.21382886401786,-0.5677748652108545
332.4435754242275,110.9449502272645,-0.5538695742891879
332.55761525601736,110.8744232009542,-0.567077257283902
332.97935247000504,110.60583870649103,-0.5531631125013372
333.0918989193163,110.53634512261344,-0.5663581314499662
333.20319916634486,110.4655757065526,-0.5794172199698222
333.3132512418303,110.39356469031664,-0.592341532538375
333.42205389301347,110.32034570360257,-0.605132215162234
333.8332672622867,110.03591034722433,-0.5908118439684018
333.94070852040403,109.96384604837776,-0.6035948791875452
334.04692011478323,109.89062087772767,-0.6162455156957733
334.15190207072243,109.81626676554028,-0.6287648832717423
334.2556550323276,109.74081504757562,-0.641154103416171
334.358180234987,109.6642964656146,-0.6534142894198043
334.45947947862254,109.58674116865318,-0.6655465464293453
334.55955510171054,109.50817871472121,-0.6775519715114511
334.6584099560658,109.42863807328496,-0.6894316537148804
334.75604738237996,109.34814762819401,-0.7011866741308861
334.85247118650534,109.26673518113508,-0.712818105951929
334.94768561647385,109.18442795555652,-0.7243270145288019
335.0416953402408,109.10125260102936,-0.7357144574262389
335.1345054241419,109.01723519801173,-0.7469814844770823
335.22612131205176,108.93240126298535,-0.7581291378350876
335.31654880523155,108.84677575393414,-0.7691584520264296
335.4057940428528,108.76038307613635,-0.7800704539999792
335.49386348318444,108.67324708824303,-0.7908661631764171
335.5807638854294,108.58539110861697,-0.8015465914962441
335.6665022921974,108.49683792190757,-0.812112743466749
335.75108601259933,108.40760978583818,-0.8225656162079895
336.09125751077033,108.04116298520472,-0.805994445101899
336.1753113717408,107.95357340764916,-0.8164683950565177
336.2582351449076,107.86532970950641,-0.8268299188988664
336.3400363640643,107.7764529531351,-0.8370800009166479
336.6748534686161,107.40510754397764,-0.8203418296236746
336.75619309737004,107.3178749862701,-0.830615083177022
336.83643427533207,107.23002820441015,-0.8407777177290532
337.16987596421933,106.85744727755348,-0.8239839085478504
337.24967837007057,106.77123592618534,-0.834170344979714
337.3284060323563,106.68442834110034,-0.8442469746531835
337.4060665905761,106.59704385008538,-0.8542147639543227
337.4826678691377,106.50910131709657,-0.8640746720546777
337.807339859517,106.12885402075234,-0.8470234485882004
337.8836062625027,106.04255689277997,-0.8569104568143855
337.9588363479544,105.95571701495204,-0.8666903482823414
338.0330380154137,105.86835225071964,-0.8763640699696822
338.10621931565584,105.78048002680862,-0.885932561734355
338.1783884393505,105.69211734036652,-0.895396756355304
338.2495537061717,105.60328076615308,-0.9047575795726033
338.5584917535413,105.21014314165294,-0.8872696871764463
338.8742573598596,104.82246803101003,-0.8699441845150266
338.946029225454,104.73740468817898,-0.8794720048658391
339.26480816909594,104.35220357794562,-0.8622091635392737
339.3363294451783,104.26875548457882,-0.8717666011993073
339.4068876650456,104.18482066471933,-0.8812200007204454
339.4764905178874,104.1004151103051,-0.8905702878307062
339.5451458126022,104.01555441883447,-0.8998183812102276
339.85602186987643,103.62394748801135,-0.8823285644694132
339.92451556320293,103.54069913961807,-0.8916092020415767
339.992082338163,103.45700623260339,-0.9007883224349889
340.0587299749058,103.37288355723558,-0.9098668327586004
340.124466349245,103.28834553357251,-0.9188456331637216
340.1892994241024,103.20340621807718,-0.9277256168834462
340.2532372413064,103.11807931022777,-0.936507670271709
340.31628791373385,103.03237815911459,-0.9451926728420021
340.37845961778515,102.94631577001665,-0.9537814973057737
340.439760586182,102.85990481095143,-0.9622750096105266
340.7255879539632,102.44965777681783,-0.9441242540519421
340.7869865820757,102.36485655189718,-0.9526591919164034
340.8475326706246,102.27971233649862,-0.9610993616939654
341.1338421474976,101.86980161720344,-0.9429429119297175
341.19448595998307,101.78625087643874,-0.9514245035810798
341.2542950862328,101.70236253145784,-0.9598118672280078
341.31327745944634,101.6181483434721,-0.9681058546135279
341.3714410519882,101.53361976619597,-0.9763073108078548
341.42879386949875,101.44878795195496,-0.984417074246104
341.4853439452698,101.36366375774513,-0.9924359767657931
341.5410993348756,101.27825775123976,-1.0003648436441477
341.81109692199624,100.85742379430826,-0.9817858500465166
342.0888661338187,100.44167846089658,-0.9633805110537845
342.3742398011812,100.03111569086674,-0.9451470338506285
342.6670516048261,99.62582423202369,-0.9270836475723319
342.72579259023155,99.54753743023547,-0.9354613174102968
342.7837587330559,99.46891985438185,-0.9437459325878068
343.0771381040816,99.06403905137657,-0.9256794440052833
343.1351609616337,98.9869351034298,-0.9340038481944024
343.1924255487256,98.90950554249507,-0.9422357402604966
343.2489389210096,98.83176113943226,-0.9503759607581515
343.30470817195516,98.75371238972573,-0.9584253435705423
343.35974042758573,98.67536951888131,-0.9663847159483483
343.4140428414479,98.5967424877805,-0.9742548985484607
343.46762258980567,98.5178409979886,-0.9820367054725034
343.7452875033859,98.10202599404715,-0.9635585616833167
343.79907460904695,98.02461389373074,-0.9713857699226338
344.08115250891746,97.61177980946196,-0.9529996898636717
344.13511162513197,97.53584392945449,-0.9608709401256381
344.18837064416687,97.45962981378868,-0.9686539255562758
344.4715752891506,97.0475678610678,-0.9502784457240434
344.5250010536315,96.97281421892282,-0.9581052468267712
344.8125365710938,96.56376257065929,-0.9398208377366828
344.8660952225712,96.49045579724748,-0.9476901072937975
344.91897623202084,96.41686776215066,-0.955471250786363
345.2075881917955,96.0085748985813,-0.9371965480289117
345.26059769679665,95.9364180472948,-0.945019939023001
345.31294387222954,95.86398319892254,-0.9527556845377458
345.60266351338385,95.45647558391067,-0.9344915679565924
345.6551336806338,95.3854563095405,-0.9422693264690758
345.94911058556255,94.98100914737402,-0.9240957205932268
346.0016726716391,94.91139152830645,-0.9319141494515395
346.05359335864944,94.8414936514293,-0.9396450991750509
346.34863061194454,94.43781934247097,-0.9214812495294504
346.4006395380166,94.36930759553813,-0.9292526393167702
346.45202087243746,94.3005190434626,-0.9369370422734846
346.74815021609623,93.89764519065042,-0.9187838493590545
346.79961599252186,93.83022731980166,-0.9265084482325783
347.0999305656452,93.4304635302856,-0.90844525044532
347.1514504334448,93.36440217205397,-0.9162087060538457
347.2023640815689,93.2980624606336,-0.9238853687525257
347.5037262330307,92.8990877938273,-0.9058320600939833
347.8122416975018,92.50561843046547,-0.8879470525608668
347.8638006984822,92.44223022574185,-0.8957856255354342
347.949412073589,92.33527516641895,-0.9045579286414016
347.99966961743985,92.27134644701003,-0.9122062107806159
348.30567079900607,91.87591856544009,-0.8942378069675248
348.3904313367554,91.7703617746159,-0.9029699828851454
348.700071676821,91.3777770153655,-0.8850783656093539
348.7848872862204,91.27411104978712,-0.8938527546321962
349.09809399284546,90.88436562899163,-0.876036748008266
349.2229631682552,90.73452910882395,-0.8855195719428344
349.3065450232704,90.63227908410859,-0.8942252347654711
349.61960653629797,90.2424170263885,-0.8763851682308021
349.70321338277114,90.14202205218508,-0.8851322296745829
350.01980692274896,89.75502274196445,-0.8673676071690717
350.0687214656455,89.69735182837378,-0.8750069971311412
350.38921716856254,89.3135778836176,-0.8573294779008194
350.47295196217436,89.21683894085824,-0.8661716650588369
350.59575480772895,89.07240323435137,-0.875628023809341
350.7168778312868,88.92718263073445,-0.8849788669937215
351.03353071979063,88.54023187747961,-0.867176847078369
351.15476002587263,88.39735613096465,-0.8765712209152388
351.2743388056506,88.25371177411348,-0.8858606576266905
351.59065036210063,87.86648194909705,-0.8680283518405534
351.71034599918585,87.72516998542406,-0.8773617465920154
351.8284199748582,87.58310503041983,-0.886590775524414
351.94488667585307,87.44031338322345,-0.8957163390888461
352.0597606616204,87.29682066172282,-0.9047393314964665
352.17305664819395,87.15265181483224,-0.9136606407445127
352.2847894927362,87.0078311347778,-0.9224811486419444
352.3949741787379,86.86238226937466,-0.9312017308347325
352.5036258018535,86.71632823428155,-0.9398232568308313
352.798591139709,86.31260135912527,-0.921403241356975
352.9076977210267,86.16889772259383,-0.9300773735500236
353.01529702343413,86.02459733774575,-0.9386529039857079
353.1214040026281,85.87972216054699,-0.9471306933471726
353.2260336962051,85.73429355189954,-0.9555115962270593
353.3292012116311,85.58833228952328,-0.963796461151845
353.4309217147553,85.4418585797638,-0.971986130605992
353.712751725466,85.02885520528463,-0.953206513904322
353.8151302873533,84.88471621559908,-0.9614541967205508
354.1012943120374,84.47470390582065,-0.942763742188137
354.2042701028638,84.3328846275884,-0.9510681238815213
354.3058308648729,84.19054273827192,-0.9592772419188638
354.59288678966914,83.78115436479439,-0.9405882121486284
354.69503561355776,83.64111580061493,-0.9488540344654512
354.9863430083336,83.23474165415435,-0.9302531357135466
355.0890211159568,83.09699051943176,-0.9385743643226263
355.3844904385019,82.69363233441308,-0.9200601634474692
355.48764070128846,82.55815192847402,-0.9284355222474843
355.58941770774845,82.42212638229098,-0.9367151494017341
355.88563644932754,82.0193182342784,-0.9181993626109151
355.98787923448197,81.8855469293127,-0.9265331630677438
356.2881839379285,81.48577570370101,-0.9081031573247658
356.3908373123436,81.35424121340766,-0.9164898695242791
356.6951418231079,80.95750614663939,-0.8981442633513623
356.79815219196627,80.82819035231539,-0.9065826466369566
356.89983259145436,80.69831023147344,-0.9149249008187192
357.0001960000012,80.56788525150353,-0.9231718726969356
357.0992554679872,80.43693436460896,-0.931324402940553
357.39764133320887,80.03572889962021,-0.9128025510051447
357.497148906062,79.90698238165218,-0.9210093942431792
357.5953747167177,79.77771548521847,-0.9291222037992792
357.89464339255784,79.3771680969309,-0.9106026069173572
357.99330968091743,79.2500888389939,-0.9187697181017307
358.2967089074688,78.85266103341873,-0.9003378241173894
358.3957617801204,78.7277521043126,-0.9085579483717203
358.70320355865465,78.33344320914503,-0.890212353697561
358.80259069702083,78.21068661334182,-0.8984842236546093
359.1139889685875,77.81949475617868,-0.8802235531814451
359.4324783523043,77.43405414391178,-0.8621334629185986
359.53357951592034,77.31611152084274,-0.8705995077880044
359.85576359120313,76.93375386715893,-0.8525898172421091
359.9570065027433,76.81790200716237,-0.8611026718615209
360.0570294795044,76.70146029969806,-0.8695191098414394
360.15584366546756,76.58444760583357,-0.8778399833267438
360.2534602979855,76.46688230794709,-0.8860661382218251
360.5696922899799,76.07958748243745,-0.8678748449811149
360.667541056009,75.96410375546216,-0.8761504821985864
360.9875977218362,75.57996356508839,-0.858042656013041
361.0856312927796,75.4665418540692,-0.8663665512998171
361.40943098143816,75.08555141144367,-0.84834088387389
361.507603491914,74.97417166586838,-0.8567118323359817
361.83506638827004,74.59632512588392,-0.8387670419895974
361.9333334093059,74.48696684303063,-0.8471838576024959
362.0304569602893,74.37703385607325,-0.85550532149459
362.12644732940214,74.26654398095708,-0.8637322798387381
362.22131489490476,74.1555145880222,-0.8718655725446971
362.5430146247417,73.77274933238041,-0.8537429733097768
362.63806298906565,73.66373240886638,-0.8619247410058026
362.7320090963777,73.55418301622335,-0.8700133004722148
363.05441725975186,73.17201429179589,-0.8518902182173611
363.38369817408346,72.79575103607624,-0.833936340290268
363.47900498546477,72.69071216663646,-0.8422129813521484
363.5732304521721,72.58512197912823,-0.8503956800239072
363.6663843092353,72.47899723691455,-0.85848527335328
363.9931766041129,72.10057055334616,-0.8404431060670916
364.0864621078754,71.996405398955,-0.8485799978932831
364.1786959257635,71.89171282792489,-0.8566242488307259
364.5061919160479,71.51389496736144,-0.8385819051988288
364.8404509536145,71.14204707426971,-0.8207079497710152
365.18130263736504,70.77623279102635,-0.8030006554068874
365.528578128701,70.41651110196995,-0.7854583158639992
365.6239554484986,70.32112230712002,-0.7939596935193847
365.7183075295673,70.22514063810033,-0.802365403044861
365.8116427773826,70.12858312508244,-0.8106762966596044
365.90396970738925,70.03146639268601,-0.8188932201919261
365.9952969358256,69.93380666713267,-0.8270170131102952
366.08563317091944,69.83561978338716,-0.8350485085542001
366.42120400622264,69.4649552777721,-0.8171539962073662
366.511589558772,69.36863885473846,-0.8252305838255305
366.8507833191309,69.00128676942424,-0.8074189942527363
367.1964660546712,68.64003421465922,-0.7897734431380159
367.2877630392689,68.54793481445436,-0.7980283513738478
367.3781010844511,68.45528548138611,-0.8061899572867341
367.46748823944625,68.36210180418476,-0.8142590966157162
367.5559326445132,68.26839900061191,-0.8222365987531837
367.89622473025685,67.90206410062439,-0.804418220216153
367.98467942866216,67.81017891366875,-0.8124396697727105
368.3285440838067,67.447195357702,-0.7947041053702675
368.4169708997568,67.35710724422067,-0.8027682878990015
368.5044835645723,67.26650030856005,-0.8107409915645865
368.84896431587066,66.90410139108268,-0.7930042202692791
368.9364492577865,66.8152753922634,-0.8010196608240685
369.28443667626425,66.45624235708198,-0.7833650019568905
369.6387081412646,66.10340855322967,-0.7658747939926238
369.7268855272527,66.01860869501797,-0.7740630364755119
369.81418061711594,65.93327050905889,-0.7821588558962178
370.168877393687,65.58086426461954,-0.7646626370531955
370.2560392960454,65.49724412540574,-0.7727976572540118
370.6140194282277,65.14817366016247,-0.7553799877040328
370.7010151538846,65.06625010669198,-0.7635530541542122
370.7871572938084,64.98379165117494,-0.7716339480491783
370.8724526166737,64.90081263877745,-0.7796234994981255
371.2280417282264,64.5493068082483,-0.7621167366288186
371.5897297645667,64.20407973837659,-0.7447729258406239
371.6755391416141,64.12497377443272,-0.7529303450410034
371.7605231205133,64.04533656527907,-0.7609958467624867
371.8446881200156,63.965182136586776,-0.7689702599921651
372.20400165901043,63.61748435620998,-0.7515372683174246
372.569321705713,63.27610300127125,-0.734266481721968
372.6539170063945,63.19974470817452,-0.74240626801007
372.7377146721573,63.12285936858446,-0.750454410367773
373.10340417234096,62.78187380322591,-0.7331767525062918
373.1869846616306,62.70659663428064,-0.741260775067019
373.55579356030785,62.368987447733545,-0.7240601630982382
373.63912774768585,62.29529693857195,-0.7321789298107708
374.01098750922534,61.96105109405867,-0.715054262040598
374.38851631680205,61.63322192136801,-0.6980886677018239
374.7715523434394,61.311844620545706,-0.6812805318731403
374.85540929330125,61.243854958132395,-0.6896792326101724
375.2411343459645,60.92571009944694,-0.6729403302939199
375.32457614799955,60.85920270759152,-0.6813670713603037
375.40728234055496,60.792134194709206,-0.6896999222110018
375.4892576540183,60.72451835381873,-0.6979397306685655
375.57050693930915,60.656368683623406,-0.7060873379392891
375.6510351604311,60.587698393003265,-0.7141435786499524
375.7308473872977,60.518520405528655,-0.7221092808843723
375.8099487888258,60.44884736398901,-0.7299852662197743
376.1825408786573,60.115418057668656,-0.712812950360278
376.26139578084485,60.047253383569505,-0.7207229893624927
376.6370601590561,59.71728938115598,-0.703628602110538
376.7156418118568,59.65061203645868,-0.7115715422575493
376.7935380491102,59.5834448417421,-0.7194250888976828
377.1696303714081,59.253968691918914,-0.702326496932856
377.2472581481394,59.18827438289272,-0.7102129504666101
377.62636964942925,58.86227677861405,-0.6931918387932106
377.7037033743443,58.79803438880636,-0.7011100513826061
378.08576665109,58.47550125691688,-0.6841653435653483
378.1627817451709,58.41268975635312,-0.6921141814888268
378.54773098975653,58.09360662003523,-0.6752448240668065
378.9380079344275,57.78106242252783,-0.6585319687076581
379.01493103488997,57.72154276549709,-0.6666278712211335
379.0912201500104,57.661520009640505,-0.6746332797545329
379.16687933355314,57.60100602052924,-0.6825490183957204
379.24191273886305,57.540012415919506,-0.6903759046689082
379.6274160566919,57.221598909449256,-0.6734900523610579
380.01824084421077,56.909740039495794,-0.6567608738331878
380.4142278433007,56.60446268038183,-0.640186782788668
380.48935068543284,56.548508619292704,-0.6482748446568496
380.56387429091296,56.49205804483791,-0.6562726579289144
380.63780229831,56.43512241598208,-0.664181045968105
380.7111384465466,56.37771295667252,-0.6720008255444041
381.1024272293467,56.066436458882436,-0.655252980880157
381.1753996174222,56.01035524901477,-0.6631001878084883
381.5694434239904,55.70257375464575,-0.6464269027908016
381.6420314141356,55.64780019146022,-0.6543004213938421
382.03876833464767,55.34349806230119,-0.6377007055917083
382.11095218072853,55.29001156290443,-0.6455994324522805
382.18257713959804,55.236057641468975,-0.6534098153645074
382.5795849161579,54.9321089691522,-0.6368024046392651
382.65081350382053,54.87942934266166,-0.6446380126518982
382.7214961983371,54.826291652958595,-0.652385913777227
383.1188149803787,54.5227496367019,-0.6357722054859902
383.1891086759739,54.470873384888705,-0.6435453288814044
383.58909538581526,54.17085571495424,-0.6270056834906685
383.9939893464619,53.877494417139346,-0.610619220815221
384.0639507336568,53.828532572485074,-0.6185264046346557
384.13339487788437,53.77911009822762,-0.6263454015088743
384.2023247043553,53.729237151547046,-0.6340770209560023
384.6051341025719,53.43302007025028,-0.6176013624465511
385.0127689820195,53.14347944150515,-0.6012782431665107
385.4250755530986,52.860630962358336,-0.5851061257407308
385.84190226804014,52.584487049736914,-0.5690834908760949
385.9104125357113,52.54066265779415,-0.5771595859194805
385.9784414538287,52.49636791836001,-0.5851461783219079
386.0459912883782,52.45161287342781,-0.5930440899037057
386.4606128735791,52.17216894004391,-0.5769238648640167
386.8796850918575,51.899444818014736,-0.5609526019673243
386.9466630553788,51.857364079538684,-0.5689725944095443
387.01318085432644,51.81482461678781,-0.5769037165502073
387.43225856748273,51.54210893839186,-0.5609165373581604
387.4982486501838,51.50065218233277,-0.5688633164819912
387.5637899347904,51.45874731078817,-0.576721957666404
387.6288845034555,51.4164037270955,-0.5844932727686234
388.0458803758815,51.14051531970477,-0.5684122370315423
388.4672587121265,50.87136802036624,-0.552479771284236
388.8928715661666,50.60896819281102,-0.5366943847361663
388.9572488272347,50.57066725566022,-0.5446854103723493
389.0212047126563,50.53192172111266,-0.5525880664658853
389.4467891475713,50.26947580327019,-0.5367856821195871
389.8764675447788,50.013787622043175,-0.5211290738822179
390.3100963257932,49.764857810014625,-0.5056167835403631
390.37312267074077,49.729965284239874,-0.5137287662822825
390.43575331948904,49.694625038737485,-0.521751440556288
390.4979895623536,49.658846058939446,-0.5296856302915671
390.55983279266525,49.62263716930545,-0.5375321525981218
390.98932020646276,49.366628317128175,-0.5218365463931605
391.42277276794067,49.11739178699835,-0.5062856474326298
391.48385673613114,49.08352119718253,-0.5142392027382541
391.54456506563946,49.04922478215467,-0.5221050294310206
391.9779506956922,48.79987188636182,-0.5065357799999575
392.4151658807122,48.557296428104735,-0.49110997488088826
392.4750652567161,48.52526135783397,-0.49907886891732645
392.53460607521515,48.49280523780485,-0.5069600102215737
392.5937894262958,48.45993632383867,-0.5147542114182744
392.65261649469966,48.426662726520476,-0.5224622783446922
393.08591301598847,48.17715502013132,-0.5068583266200184
393.14419123501796,48.14479654657373,-0.5145751632628994
393.2021225494227,48.11204329256313,-0.5222066426277876
393.25970822458663,48.078902990954376,-0.5297535576623993
393.69117401403133,47.82624265883272,-0.5140595529388374
393.7482418222727,47.79401643386519,-0.5216162424958606
393.8049731506308,47.761412377224374,-0.5290891224477257
394.23660672124066,47.5090387819199,-0.5133863031857371
394.2928305573721,47.477339052938504,-0.5208688949093414
394.7265240898743,47.22852207050382,-0.5052344463904328
394.7822316289668,47.197709189359045,-0.5127256646389475
395.21793693354255,46.95243208395495,-0.4971588389018189
395.2731199427686,46.9224887290644,-0.5046576049621967
395.71078995544764,46.680734864871816,-0.4891576726744957
396.1521544129927,46.44579362446797,-0.47380049130408963
396.20655372666374,46.417900033787795,-0.48139401851232666
396.6497288669758,46.18639244041844,-0.4661007334797773
396.7035647310311,46.15930922273113,-0.4736976289222503
396.75710955291436,46.131860733569354,-0.48121069477747946
396.81036414622855,46.104053812963784,-0.48864071355190974
397.25184999970526,45.86934077138131,-0.47325830153999693
397.6968939326242,45.641446347485605,-0.4580174671256372
397.7493401441531,45.61559130898942,-0.46553707711706105
397.801510505275,45.58938279397099,-0.47297369713314463
398.24661927986295,45.36161504080021,-0.45772060919377733
398.2982440505684,45.336184004791775,-0.46515941526993565
398.74511905864017,45.11190137573098,-0.44997082026025526
398.79619301794514,45.087231679022224,-0.45741074963176054
398.84700576830505,45.06222021742523,-0.46476855265996386
399.29396840586264,44.838112272259465,-0.44956885426334736
399.3442419599948,44.81385410467856,-0.4569276890527032
399.7929480399471,44.593257585659224,-0.4417927932516581
399.84267756901676,44.56973688510453,-0.4491515862593447
400.29308544675837,44.3526361850137,-0.4340808690456117
400.3422665754935,44.32983731258114,-0.44143855044160407
400.7943355445062,44.11621704790403,-0.42643140498131116
400.84296433744373,44.094124555769596,-0.43378690827979494
401.29665460252573,43.88396958081196,-0.41884274469140736
401.3447275505824,43.862568214887744,-0.4261950063851896
401.8000002015917,43.65586363518837,-0.41131325152419995
401.8475142089555,43.63513833745985,-0.41866121072204887
402.30433119505784,43.43186952253347,-0.403841307972284
402.351283566396,43.41180543309677,-0.41118390603913824
402.3980208929788,43.39142611347652,-0.4184457042715022
402.85488167409216,43.18825575033085,-0.40361325037496965
402.901069623197,43.1685307761703,-0.410869566982071
403.359456524688,42.96882745070487,-0.3960994303615819
403.405092691683,42.94974227090635,-0.4033491929271422
403.86496846039745,42.753491801145415,-0.3886408404340105
403.9100508184095,42.735032063716446,-0.39588297819609286
404.3713790038513,42.54222056325057,-0.38123589288473614
404.8354817295657,42.35618661675745,-0.3667230771138352
404.8796292879385,42.33922962622243,-0.37402613127576156
404.92359156209466,42.321974334929834,-0.3812490517581164
405.38769183960505,42.13593428145062,-0.3667216192248688
405.43109657937725,42.11926267869732,-0.37393372124451174
405.8965453711875,41.93662261977598,-0.35946612163669656
406.36458772288944,41.76073536674859,-0.34513101608620644
406.8351032609944,41.591575392191366,-0.3309270988098967
406.87713733289064,41.577134121643894,-0.3382578000917005
406.91900832761905,41.562404831786445,-0.34550834155208054
406.96071609369005,41.547392261539805,-0.35267948056772225
407.42994134086865,41.37468547025519,-0.33838470585150215
407.47109146189035,41.360203899140764,-0.34554078636056884
407.9415376433484,41.19085113565992,-0.33130417878056795
408.4143470775748,41.02821286567491,-0.317197784320304
408.4545247171912,41.01502325651294,-0.32439863193502827
408.4945546150346,41.00156207259665,-0.3315207229536128
408.96732881957433,40.838821422377485,-0.3173979847263624
409.0068037842127,40.82585373382498,-0.32450180997446987
409.48070859602564,40.66643542613575,-0.31043611765029633
409.5196300066587,40.65394910911373,-0.3175206007004121
409.99463619340645,40.497843088083116,-0.30351160299029667
410.0330056828236,40.485826221591424,-0.3105756650802993
410.509084551655,40.33302282615094,-0.2966230250540276
410.54690399746477,40.321463691386384,-0.3036655847780425
411.02402737523386,40.17195366116157,-0.28976897974184856
411.06129889132274,40.16084074077931,-0.2967889527459491
411.5394391051225,40.01461522168218,-0.2829480741249357
411.57616503333685,40.0039371989628,-0.289944372807998
412.05529489133573,39.860987748499,-0.27615892603321956
412.53634978285885,39.72465669080056,-0.26249925220629233
412.5720973060115,39.71505135114579,-0.2695209800537315
413.0540465506323,39.581916489982106,-0.2559147416820915
413.08924686737475,39.57270626006679,-0.26290867586267375
413.5720658974871,39.4427610812607,-0.2493556427058139
413.6067225117177,39.43393557811816,-0.2563206926690702
414.09038713447524,39.30717399994076,-0.24282064770946032
414.12450372967834,39.29872303472809,-0.24975571775233263
414.60899011004676,39.17513941157395,-0.2363084571135179
414.642570542501,39.16705298820183,-0.24321244611935988
415.12785518651884,39.04664211406911,-0.22981777898789169
415.6147091120296,38.93274207363306,-0.2165450577924517
415.64731101222293,38.925569834938166,-0.22345833134344506
416.1348794290469,38.814768198964124,-0.21023643905974243
416.6238701927731,38.710422637268984,-0.19713480817711249
416.6554862223803,38.704108004590545,-0.2040512405416628
416.6870228204859,38.697582097343684,-0.2108925516285578
417.1759450161044,38.59291572523633,-0.19777090226919158
417.6661984772264,38.49467364519877,-0.1847685348637862
418.1576878406512,38.402814145610954,-0.17188429118462878
418.18779541553135,38.39758755292778,-0.17875714917247842
418.21783397763727,38.39216001089817,-0.18555547609005618
418.7092509003824,38.29991376664049,-0.1726500528657371
418.73877457376153,38.29476524514492,-0.17940674444785332
419.2307494004357,38.20554231647892,-0.16655022311209366
419.723830632823,38.1226516722318,-0.1538104034474186
419.75239680419605,38.118222918057,-0.16055321127704758
420.2459662626917,38.03829076069235,-0.1478608540163151
420.2740273497458,38.034111120315735,-0.15455780706643818
420.76806715984156,37.95713953028273,-0.14191292224684293
421.26304074414656,37.88642100387,-0.1293826854975224
421.290156944335,37.88289292854567,-0.13605648609332954
421.78553619602565,37.81507437957411,-0.12357241113514128
422.2817234745914,37.753445306503444,-0.11120142829688895
422.30790096611815,37.75052227360666,-0.1178455057292056
422.8044330492273,37.69173581331545,-0.10551946933279988
423.30165199859516,37.63907393632875,-0.09330499836515438
423.326899340627,37.63671137312047,-0.0999126889690487
423.82440573613576,37.58683810676905,-0.0877420439520904
424.3224822598556,37.543023358407396,-0.0756814655944682
424.3468102174406,37.54117865962616,-0.08224600440327423
424.84512002432376,37.500102007553465,-0.07022822603639467
425.34388748450755,37.46501675444615,-0.058319042171514734
425.3673088606793,37.46364929157232,-0.06483355483757203
425.86625833496504,37.431255222445685,-0.052966239318636976
426.3655570962564,37.404784486266365,-0.04120607147264055
426.86513262344243,37.3841872824597,-0.029552024909865526
426.8872313628002,37.38353402978596,-0.03601322867650447
427.38690711108353,37.36553130923393,-0.024399172648956302
427.88675823916196,37.353332934521134,-0.012889836405196586
427.9079847834151,37.3530593126842,-0.019282935793692335
428.40789177813843,37.34341844324584,-0.007812907245762002
428.90787646673925,37.339512029764705,0.0035537810540700043
429.4078732574362,37.3412889163669,0.014818114864908694
429.42783248055537,37.34158469607677,0.008506834402267405
429.92781433620235,37.3458380615274,0.01973334934339066
430.42771693427125,37.35570409479382,0.030858849243173836
430.927478831252,37.3711310690154,0.041884295221183976
431.4270402660761,37.39206709171238,0.05281063825498533
431.92634313048495,37.41846013563981,0.06363881930922943
432.42533093952767,37.450258068393346,0.07436976946264595
432.62729589910435,37.46530590862362,0.06312777307481143
432.828844492842,37.47804615079039,0.052006495637473726
433.3281684164773,37.504037675353594,0.06287365202965134
433.52775572944705,37.51660302032276,0.05178505401692712
433.72690851695944,37.52692538696716,0.04081586344722954
434.2264920291727,37.54732765025348,0.0518148630510642
434.7258209212958,37.57322348744084,0.06271505233592123
434.92151592526625,37.585512625871786,0.05168989889575215
435.11678598356895,37.59561511447595,0.040783559858853735
435.3116107234866,37.603565169179234,0.029995037750927267
435.5059707522297,37.60939675458047,0.019323341779677428
435.69984762930886,37.61314357009413,0.008767487797582518
435.89322383933126,37.61483903709893,-0.0016735017341624747
436.393223072178,37.61400228673455,0.009798966938634468
436.8931989993308,37.61890169112903,0.021168174977021614
437.0833170757402,37.62292674505238,0.010662596916819922
437.58328858356884,37.628257941748096,0.022038906629578747
438.0831670892778,37.639276501473375,0.0333128814754744
438.5828896058682,37.65592985923888,0.044485496260592505
439.0823948743298,37.67816526858393,0.055557715467082325
439.2663180016754,37.68839414387968,0.04481626187109011
439.4498344566447,37.696624176120416,0.034191036958195475
439.63292657802776,37.70288672616297,0.023681056606544626
439.8155775704968,37.70721290338094,0.01328534338244669
439.99777147974106,37.70963355444437,0.003002926504938941
440.17949316801736,37.71017925295891,-0.007167158188671863
440.3607282901251,37.70888028992756,-0.0172258682763462
440.86065403137906,37.70026778307932,-0.005496059850643054
441.0401051792556,37.699281498899516,-0.015533918912347566
441.2190652539163,37.69650132398641,-0.025461570991267113
441.397521576883,37.69195656349789,-0.03527995969932185
441.5754621823044,37.685676220230256,-0.044990022150360076
441.7528757950255,37.67768898814577,-0.05459268899064096
441.9297518091012,37.6680232465423,-0.06408888442867644
442.10608026675743,37.656707054834854,-0.07347952626447851
442.6047309819149,37.620000349942835,-0.06114623982579559
443.10379647443574,37.5894462830003,-0.04892434457989925
443.6031981117178,37.56499387240623,-0.036812768894457726
443.775570202817,37.55864551046934,-0.04637338358778287
443.9474365982597,37.550669766113096,-0.05582801258748482
444.1187875280425,37.54109363332228,-0.06517757193094864
444.2896138267389,37.529943796878946,-0.07442297124538566
444.45990691418973,37.51724662839908,-0.0835651137764617
444.95816206063137,37.47551269066232,-0.07107485262506641
445.45689959516136,37.44000518343314,-0.058697463788131454
445.6245156624285,37.430155230478,-0.06792100057862216
446.1233627002374,37.39622084173279,-0.05555915017074442
446.2893756803897,37.38698779943863,-0.06477075770848462
446.45488828837205,37.3762524056515,-0.07387953205481868
446.61989257827986,37.364039738169396,-0.08288636861373622
446.7843811335642,37.35037457088424,-0.09179215643309835
446.948347049731,37.33528137126654,-0.10059777823258687
447.4458191116032,37.28506728532666,-0.08787727312427362
447.94388965596085,37.241185187275306,-0.07527182911389385
448.10533510704033,37.22900988971738,-0.08416233777590731
448.26628040175723,37.215432284231056,-0.09295290436618098
448.4267190988333,37.20047594105554,-0.10164440462625235
448.5866452261562,37.18416413071098,-0.11023770800376642
449.0836101171621,37.129156856848,-0.0973809160242829
449.58124113183,37.08054332750042,-0.08464048302647198
450.07945109918296,37.03827360671962,-0.07201528336592888
450.2359458162586,37.02698407197407,-0.08078616192035648
450.3919673476592,37.01435219907628,-0.08945828481309892
450.5475096438918,37.000400414458326,-0.09803252059779588
450.7025670961005,36.98515085893733,-0.10650973153073817
451.199733594238,36.9319966369639,-0.09363851820930735
451.35337163624115,36.91756800278291,-0.10211114956070233
451.5065307174471,36.90187417008972,-0.11048769999660779
451.6592060200533,36.88493644830883,-0.11876901903441928
452.15568354031706,36.82569146644967,-0.10575168542682345
452.3069891164658,36.80963073076007,-0.11403057288891238
452.45781757679384,36.79235673896268,-0.12221514205331019
452.6081648156312,36.77388999503401,-0.13030622989467933
453.10392578511915,36.708921117604696,-0.11715004212118618
453.2529524727325,36.6913823264702,-0.12524075795453982
453.74903617711107,36.62892553527109,-0.11211918476373661
454.245896682094,36.572983332730004,-0.09911648696554742
454.39271708285133,36.55838316799711,-0.10729707621942053
454.53908912325085,36.54261732726672,-0.1153843655714879
455.03576431671473,36.485053086645785,-0.10232947132995607
455.53314865913467,36.43397760936074,-0.08939279687669144
455.6772956281516,36.42105747504898,-0.09756788618512591
456.17491752982147,36.37235090587101,-0.0846629881265204
456.317723619399,36.360231545286915,-0.09283402633168558
456.81557051298904,36.31388118554347,-0.07996066909082344
456.9570376152569,36.30254521144918,-0.08812719355558807
457.0980981096614,36.29008166359551,-0.09620074052550365
457.5957861316585,36.242055461692225,-0.08327448382696945
457.7355316916032,36.230391247473364,-0.09134429420309464
458.2334470787441,36.18478259773126,-0.07845085405517516
458.3718794319913,36.17390012670283,-0.08651644721476304
458.87000920548144,36.13069585859302,-0.07365557902297981
459.00713034921523,36.120577817456095,-0.08171647725039266
459.50546176103137,36.07976504596083,-0.06888794344573324
459.64127395401044,36.070394395640676,-0.07694367180777606
460.139794478869,36.03196051897351,-0.06414724174710651
460.27430023377343,36.023320491685965,-0.07219732796989398
460.77299756129764,35.987253188998416,-0.05943277783875578
460.90619963726493,35.979327285306965,-0.06747675218607752
461.4050616643443,35.94561451438474,-0.05474386490381944
461.53696305969004,35.9383865002514,-0.06278126005696105
462.0359778830267,35.907016495202974,-0.05007982518416654
462.16658182814473,35.900470399035726,-0.0581101761231575
462.6657377369798,35.87143166797605,-0.04543998977132446
462.7950476874177,35.865551777675506,-0.053462833657574205
463.2943331564325,35.83883310040713,-0.04082369840100597
463.42235278613794,35.83360396041496,-0.04883857446129625
463.92175646852456,35.80919438610916,-0.036230299251164944
464.0484896632575,35.804600794460605,-0.044236748662965564
464.5480003839525,35.78248963934051,-0.03165914874350717
465.04774969115243,35.76666271355117,-0.019195083069359686
465.17219772753594,35.764273629727484,-0.027273790749984705
465.2963608091944,35.76088639190127,-0.03526096143244262
465.7960498666591,35.74325956936137,-0.022742622031198145
465.9189396597292,35.740464251291606,-0.030720019148851474
466.4187036053132,35.725106661923476,-0.01823186294052226
466.9186203625241,35.71599123811048,-0.00585636377683052
467.03922870458337,35.715284903709794,-0.013902917498270106
467.159576813883,35.71361160606255,-0.02185837771059873
467.65945722383157,35.70268329072122,-0.009428572517071299
468.159434849983,35.69796907572058,0.0028891478665236114
468.2775066016863,35.69831020341926,-0.005133401831340478
468.7774998618123,35.6957435145564,0.007156400996417123
468.8943073957193,35.69657945037905,-0.0008529800653138686
469.01087811480267,35.69648001785536,-0.008771758301960197
469.51085872412415,35.69209419630697,0.0035722588701165847
469.6261874762943,35.69250618221734,-0.004334103461341332
470.12618262285287,35.69033913795306,0.007980536204137412
470.2402750536667,35.69124967605828,8.703642517104981e-05
470.7402748919169,35.69129319425689,0.012372426187976515
470.8531367970639,35.69268964110309,0.004492234816530161
471.3531315896008,35.69493575022718,0.01674849675015988
471.8530612986634,35.70330960433862,0.02889437429559072
471.96367205591173,35.70650652269545,0.02095338298466043
472.46356213159544,35.7169824440774,0.033072021040753796
472.9632885473817,35.73351543475459,0.04508160174876741
473.0716260380292,35.738402773740226,0.037083419758936476
473.17978171566983,35.742415395661304,0.029175374457902414
473.6795687571963,35.75700100841846,0.04124122987720824
473.7865113328754,35.76141395395279,0.03334979774884861
474.28623313054794,35.77808575613707,0.04538861109851178
474.39196962273274,35.78288828705243,0.03751421561221102
474.891617656099,35.8016409889266,0.049526051331822085
475.3910043927834,35.82639388360447,0.061429875899367214
475.4944990642888,35.832759557678585,0.05350246362525768
475.5978374604407,35.838293697985094,0.04566433494123867
476.0973160581956,35.8611179227722,0.05762382349369277
476.5964859741564,35.88991388133574,0.06947581366634825
476.6976004284907,35.89695021516885,0.06158677271460711
476.79857059520526,35.903176515843896,0.0537865601635521
477.29784732967653,35.93005682048206,0.06569384201241224
477.7967686034576,35.96288010768697,0.07749413668734428
477.895533878183,35.97054919536568,0.06964513892316271
478.3943215595483,36.00534360705818,0.08142033486114464
478.4919206828706,36.01330776700198,0.07359243064649723
478.99056713155943,36.050070762741655,0.08534253423468163
479.0870082262583,36.05832133048613,0.07753613245718327
479.5855058117794,36.09705054786928,0.08926114610934288
479.68079706731163,36.10557901693344,0.08147665703041307
480.1791381658699,36.14627227023135,0.09317657921100686
480.2732878356168,36.15507029024416,0.08541441454124898
480.77146482707,36.197725569061426,0.0970892397884362
480.8644812256442,36.20678494391485,0.08934981276225828
481.3624864904873,36.25140041186712,0.10099953170988085
481.85993821290754,36.30181434214888,0.11254476027573679
482.3567747516404,36.35796797843924,0.12398649511271564
482.4465931002371,36.3691616583936,0.11614530623684827
482.9432242309996,36.42710380913786,0.12756509126418702
483.43916130278484,36.490713478782254,0.1388825838256773
483.52681183565375,36.50296548650299,0.1310076483048106
483.61439331221914,36.51450542545247,0.12322077156360267
484.11060203884585,36.57595999179585,0.13459774465429497
484.60607949666905,36.64305581201614,0.14587284549793722
484.69152233021873,36.65560876546426,0.13805434816539064
485.1867649002428,36.72441684992065,0.14930876704453055
485.2711152922392,36.737105533445835,0.14151945226111762
485.3554085856837,36.74911495533613,0.1338172485615381
485.85093825059965,36.81582403559153,0.1451299082503672
485.93415804039705,36.82798723275407,0.13745617679344946
486.42944167070704,36.896499063588294,0.14874632233207574
486.9239202388641,36.97059823281277,0.1599354469562595
487.00506138936106,36.98368737365857,0.15223446717729505
487.4992784762086,37.059510900698825,0.16340247556055276
487.5793652948534,37.07271501306812,0.15573223261884017
488.0733141410089,37.1502667274028,0.1668789995778961
488.56636786335264,37.233319441777624,0.17792612030722132
488.64440090693245,37.247351950954204,0.170233340838164
489.13717326344226,37.3320580645078,0.18126054535734504
489.6289816024444,37.422192818577855,0.19218924414461247
490.1197755309525,37.51769690726819,0.20302037018730834
490.1947536598115,37.53313163891279,0.19525772405794717
490.2697185303622,37.54795801091597,0.1875814557860287
490.3446654633226,37.56218391309958,0.17999076761006183
490.83658784455946,37.651694105139995,0.19096088294271407
491.3274987037811,37.74659524729356,0.20183305406610952
491.400455676584,37.76152363914147,0.1942267869836769
491.8910539742279,37.85802753890065,0.20507973802464097
491.9630196007212,37.87299667733838,0.19750938971209253
492.4532984655802,37.97111049234246,0.20834292718597291
492.94248565542244,38.074529899213424,0.21907982658429814
493.43053426044537,38.18319559646319,0.22972100116255234
493.49956513063955,38.19933840244293,0.22209380062334638
493.9872839971305,38.30947456821375,0.232718060892938
494.05535056393967,38.325607179635114,0.22513038066560975
494.54273273822554,38.43722383116403,0.2357374761664217
495.0289035825685,38.55400381458845,0.24625008642876756
495.0950524062391,38.57063040856983,0.2386588603620896
495.1612169635928,38.58672796170993,0.23115193356967678
495.64791818614304,38.70127736614709,0.2417250648205167
496.13338107478893,38.82096622629107,0.25220404566317756
496.1976659379954,38.83753185667862,0.24469595263351396
496.6827710950746,38.95866244040449,0.2551582733690565
497.1665824118942,39.08486162609438,0.2655274950643345
497.22901008616503,39.10183876842655,0.2580219092355276
497.7124580233197,39.22942289213,0.2683754399196978
497.7739823796653,39.24634270087629,0.2609140527851448
498.25705929574764,39.37532448771582,0.2712515850639323
498.7387770632171,39.509293115064125,0.2814972074524742
498.79848808493324,39.526560111445825,0.27404324516206513
499.2798299724063,39.66187300489198,0.284273771718083
499.75976236488685,39.80210311003842,0.29441340155472195
499.8176857865516,39.81966697271287,0.2869705776827649
500.29723825193855,39.96119084825748,0.29709595897159025
500.7753331680292,40.10756303521557,0.30713143821352107
500.8314960377118,40.12537607196076,0.29970348006270164
501.30920765093373,40.27299439957023,0.309725503376141
501.3645260905663,40.29069767596903,0.3023473820618725
501.8418457365806,40.43957850585456,0.312355566150996
502.3176514670804,40.59322889987661,0.32227496262526545
502.3712581589677,40.6111290379588,0.31491675131195196
502.84666879211306,40.76599754998324,0.3248230366724072
503.3205219425274,40.92556793635087,0.3346414964971869
503.7927855331084,41.08978306137078,0.344372952262614
503.8438474386291,41.10809716291192,0.3370113206840384
504.3157205315331,41.27343100361113,0.34673140156024296
504.365989274541,41.29159454671437,0.3394248099654562
504.83746195089185,41.45806676148531,0.34913306247227505
505.3072962700374,41.6291082314505,0.35875535711092343
505.77546304210233,41.80466259375283,0.3682924961543419
505.8232768216447,41.823113935238595,0.36099437288234615
506.29104933947235,41.99971608484883,0.37052125345568365
506.7571181763103,42.18076656135367,0.3799638765721678
507.2214566577332,42.366209808792405,0.38932302711610367
507.6840392249942,42.555990679919965,0.3985994819826746
507.7286511000385,42.57477867345539,0.39130119138707853
507.77333707281866,42.59321506815695,0.38408307909997985
508.2369077122225,42.780569430447265,0.39342486152503664
508.6987079135045,42.97224612561601,0.40268412732352754
509.158713546086,43.16819046852082,0.41186164361838973
509.61690153613563,43.36834820379926,0.4209581697561493
510.0732498410797,43.57266551344057,0.4299744573997826
510.1140950252202,43.591396710879074,0.42276043144888353
510.5700743407695,43.796536140483305,0.4317703177261518
510.6102392810205,43.81504275689818,0.42462386821677267
511.0658355252275,44.021031511445024,0.43362673108771954
511.51955882816554,44.231113526563696,0.4425502420963152
511.9713894071944,44.445235921489555,0.4513951363083968
512.4213084318845,44.66334627495353,0.460162141393754
512.8692980003226,44.88539263046359,0.46885197771324627
512.9058610188,44.90391262171636,0.4617445601910828
513.3534986384927,45.12666759724358,0.4704298655730277
513.7991846873136,45.35330198319771,0.4790387666212399
513.8344159012013,45.371600712563584,0.47200214942984786
514.2797450471335,45.598935553603305,0.48060653740967396
514.723101637517,45.830093707599815,0.4891352776306155
515.1644706212895,46.065024672247645,0.49758906794659685
515.6038377816233,46.30367842843329,0.5059685992505809
516.0411897143891,46.54600544319727,0.5142745555552377
516.0731116748802,46.56404084613279,0.5073203390083041
516.5101356240372,46.806958813603124,0.5156236799146314
516.9451274803215,47.053497112859226,0.5238541568937358
517.3780754778893,47.30360719997043,0.5320124400602433
517.8089686001388,47.55724102450594,0.5400991928876344
518.2377965598163,47.814351031004584,0.5481150722842574
518.6645497795184,48.07489016011881,0.5560607286682426
519.0892193725851,48.33881184944739,0.5639368060413403
519.5117971243799,48.60607003407052,0.571743942061703
519.9322754739519,48.87661914680095,0.5794827681156263
520.3506474960758,49.15041411816392,0.5871539093882765
520.7669068836641,49.42741037611852,0.5947579849334135
521.1810479305469,49.70756384553251,0.6022956077421346
521.5930655146144,49.990830947422346,0.6097673848106551
522.0029550813168,50.27716859796964,0.6171739172071402
522.4107126275171,50.56653420732496,0.6245158001376101
522.8163346856909,50.85888567820945,0.6317936230109309
523.2198183084683,51.154181404324405,0.6390079695029107
523.6211610535131,51.452380268578686,0.6461594176195145
524.020360968733,51.75344164114318,0.6532485397592152
524.4174165778176,52.05732537734161,0.6602759027744955
524.812326866096,52.36399181538633,0.6672420680325146
525.2050912667123,52.67340177396757,0.6741475914749571
525.5957096471103,52.985516549704336,0.6809930236770754
525.9841822958248,53.30029791446464,0.6877789099059415
526.3705099095727,53.617708112562774,0.6945057901779212
526.7546935806399,53.93770985784075,0.7011741993153846
527.1367347845578,54.260266330640995,0.7077846670026657
527.5166353680648,54.58534117467693,0.7143377178412842
527.8943975373483,54.91289849380795,0.7208338714044418
528.2700238465598,55.24290284872506,0.7272736422908062
528.6435171866019,55.575319253553,0.7336575401775933
529.0148807741788,55.910113172374764,0.7399860698729617
529.3841181411062,56.24725051568394,0.7462597313677288
529.7512331238777,56.58669763677016,0.7524790198864206
530.1162298534792,56.928421328042816,0.7586444259376677
530.4791127454507,57.27238881729781,0.7647564353639562
530.8398864901868,57.618567763932155,0.7708155293907457
531.1985560434742,57.966926255110835,0.7768221846749634
531.5551266172599,58.31743280189022,0.782776873352887
531.9096036706459,58.670056335302235,0.7886800630874236
532.2619929011059,59.02476620240317,0.7945322171147957
532.6123002359204,59.381532162290966,0.8003337942906441
532.9605318238235,59.74032438209456,0.8060852491355566
533.3066940268599,60.101113432938845,0.8117870318800318
533.6507934124453,60.46387028588841,0.8174395885088885
533.992836745628,60.82856630787343,0.8230433608051251
534.3328309815461,61.19517325760058,0.8285987863932442
534.6707832580765,61.56366328145196,0.8341062987820447
535.0067008886724,61.93400890937476,0.8395663274068941
535.3405913553842,62.306183050764346,0.8449792976714869
535.6724623020606,62.6801589903432,0.8503456309890978
536.0023215277263,63.05591038403827,0.8556657448233373
536.3301769801312,63.43341125485884,0.8609400527284166
536.656036749469,63.81263598877723,0.8661689643889332
536.9799090622599,64.19355933061436,0.8713528856591779
537.3018022753961,64.57615637993213,0.8764922186019763
537.621724870343,64.96040258693449,0.8815873615270675
537.9396854474965,65.34627374837909,0.8866387090290324
538.2556927206903,65.73374600350097,0.8916466520247752
538.5697555118506,66.12279582995014,0.8966115777905586
538.8818827457957,66.51340003974443,0.9015338699986151
539.192083445175,66.90553577523903,0.9064139087533212
539.5003667255478,67.29918050511424,0.9112520706269587
539.8067417905952,67.69431202038241,0.9160487286950572
540.1112179274638,68.09090843041571,0.9208042525713296
540.4138045022385,68.4889481589954,0.9255190084422038
540.7145109555398,68.88840994038405,0.9301933591009579
541.0133467982452,69.28927281542157,0.9348276639814657
541.3103216073287,69.69151612764593,0.9394222791915556
541.6054450218188,70.09511951943958,0.9439775575459883
541.8987267388703,70.50006292820238,0.9484938485990648
542.190176509947,70.90632658255178,0.9529714986768596
542.4798041371146,71.31389099855097,0.957410850909092
542.7676194694386,71.72273697596572,0.9618122452606421
543.0536323994879,72.13284559455049,0.966176018562706
543.3378528599379,72.54419821036446,0.9705025045436084
543.6202908202738,72.95677645211788,0.9747920338592708
543.9009562835898,73.37056221754943,0.9790449341233352
544.1798592834836,73.78553766983487,0.983261529936958
544.4570098810412,74.20168523402735,0.9874421429182751
544.7324181619139,74.61898759353012,0.9915870917315361
545.0060942334801,75.03742768660145,0.9956966921159243
545.2780482220952,75.45698870289243,0.9997712569140527
545.5482902704229,75.87765408001792,1.0038110961001543
545.8168305348487,76.29940750016058,1.0078165168079618
546.0836791829732,76.72223288670858,1.011787823358281
546.3488463911818,77.14611440092689,1.015725317286269
546.6123423422902,77.57103643866243,1.019629297368411
546.8741772232637,77.99698362708318,1.0235000596492103
547.1343612230086,78.42394082145137,1.0273378974675866
547.3929045302322,78.85189310193068,1.031143101482992
547.6498173313726,79.28082577042785,1.0349159597012445
547.905109808594,79.71072434746827,1.0386567575000862
548.1587921378475,80.141574569106,1.0423657776544673
548.4108744869941,80.57336238386785,1.0460433003615597
548.6613670139903,81.00607394973179,1.0496896032655068
548.9102798651332,81.43969563113943,1.0533049614819063
549.1576231733641,81.8742139960426,1.056889647622036
549.403407056629,82.30961581298398,1.060443931816824
549.6476416162952,82.74588804821157,1.0639680817405646
549.8903369356211,83.18301786282703,1.0674623626343838
550.1315030782793,83.6209926099677,1.0709270373294597
550.3711500869306,84.05979983202212,1.0743623662699973
550.6092879818488,84.49942725787902,1.0777686075359654
550.8459267595929,84.93986280020948,1.0811460168655955
551.0810763917283,85.3810945527822,1.0844948476776413
551.3147468235924,85.82311078781167,1.0878153510934157
551.5469479731066,86.265899953339,1.091107775958589
551.7776897296314,86.70945067064528,1.0943723688647697
552.0069819528643,87.15375173169718,1.0976093741708564
552.2348344717789,87.59879209662472,1.1008190340241715
552.4612570836047,88.04456089123073,1.104001588381375
552.6862595528462,88.49104740453208,1.1071572750291683
552.9098516103398,88.9382410863322,1.1102863296047785
553.1320429523487,89.38613154482472,1.113388985616238
553.3528432396929,89.83470854422804,1.1164654744624531
553.5722620969154,90.28396200245044,1.1195160254530725
553.7903091114825,90.73388198878568,1.122540865828145
554.0069938330167,91.18445872163853,1.1255402207775864
554.2223257725631,91.63568256628027,1.1285143134604407
554.4363144018864,92.08754403263356,1.1314633650239525
554.6489691527993,92.54003377308683,1.1343875946224395
554.8602994165199,92.9931425803374,1.137287219435981
555.0703145430591,93.44686138526347,1.1401624546889124
555.2790238406354,93.90118125482442,1.1430135136681354
555.4864365751172,94.35609338998934,1.1458406077412437
555.6925619694919,94.81158912369327,1.1486439463744684
555.897409203361,95.26765991882108,1.1514237371504379
556.1009874124601,95.72429736621858,1.1541801857857683
556.3033056882033,96.18149318273048,1.1569134961484684
556.5043730772516,96.6392392092651,1.159623870275177
556.7041985811039,97.09752740888541,1.1623115083882283
556.9027911557113,97.55634986492609,1.1649766089125446
557.1001597111117,98.01569877913633,1.1676193684923604
557.2963131110871,98.47556646984812,1.170239982007784
557.4912601728402,98.93594537016963,1.1728386425911932
557.6850096666915,99.39682802620352,1.175415541643467
557.8775703157958,99.85820709528963,1.1779708688500579
558.0689507958768,100.32007534427211,1.1805048121969062
558.2591597349809,100.78242564779035,1.1830175579861955
558.4482057132475,101.24525098659358,1.1855092908519556
558.6360972626975,101.70854444587883,1.187980193775509
558.8228428670378,102.17229921365193,1.1904304481007664
559.008450961482,102.63650857911121,1.192860233549374
559.1929299325868,103.1011659310537,1.1952697282357088
559.3762881181035,103.56626475630344,1.19765910868173
559.5585338068444,104.03179863816163,1.2000285498316838
559.7396752385631,104.49776125487843,1.2023782250666653
559.9197206038488,104.96414637814587,1.2047083062190351
560.0986780440338,105.4309478716119,1.2070189635867026
560.2765556511144,105.89815968941504,1.2093103659472604
560.4533614676835,106.36577587473936,1.2115826805719916
560.6291034868763,106.83379055838975,1.2138360732397304
560.8037896523267,107.30219795738688,1.216070708250598
560.9774278581364,107.77099237358172,1.2182867484395992
561.1500259488537,108.24016819228936,1.220484355190088
561.3215917194638,108.70971988094182,1.2226636884471054
561.4921329153889,109.17964198775948,1.2248249067305856
561.6616572324988,109.64992914044109,1.2269681671484385
561.8301723171304,110.12057604487175,1.229093625409499
561.9976857661173,110.59157748384898,1.2312014358363594
562.1642051268279,111.06292831582621,1.233291751378074
562.3297378972121,111.53462347367379,1.235364723622741
562.4942915258567,112.00665796345695,1.2374205028099663
562.6578734120491,112.47902686323064,1.2394592378432048
562.8204909058478,112.95172532185099,1.2414810763019855
562.9821513081622,113.42474855780289,1.2434861644540174
563.1428618708378,113.89809185804387,1.2454746472671818
563.3026297967494,114.37175057686353,1.247446668421409
563.4614622399015,114.84572013475868,1.249402370320439
563.6193663055337,115.31999601732365,1.2513418941034757
563.7763490502342,115.79457377415571,1.253265379656722
563.9324174820579,116.26944901777532,1.255172965624812
564.0875785606511,116.74461742256081,1.2570647894221318
564.2418391973818,117.2200747236975,1.2589409872440296
564.3952062554748,117.69581671614081,1.2608016940779248
564.5476865501525,118.17183925359329,1.2626470437143062
564.6992868487806,118.64813824749515,1.2644771687576286
564.8500138710182,119.12470966602827,1.266292200637107
564.9998742889732,119.60154953313327,1.268092269617405
565.1488747273611,120.07865392753958,1.2698775048092257
565.2970217636691,120.55601898180811,1.2716480341797984
565.4443219283235,121.0336408813865,1.27340398456327
565.5907817048607,121.51151586367651,1.2751454816709957
565.7364075301032,121.98964021711352,1.2768726501017316
565.8812057943376,122.46801028025786,1.2785856133517353
566.0251828414969,122.94662244089764,1.280284493824766
566.1683449693456,123.42547313516316,1.2819694128419954
566.3106984296684,123.90455884665228,1.2836404906518197
566.4522494284608,124.38387610556698,1.2852978464395841
566.5930041261238,124.86342148786058,1.2869415983372132
566.7329686376601,125.34319161439552,1.2885718634327503
566.8721490328733,125.82318315011165,1.290188757779811
567.0105513365697,126.30339280320452,1.291792396406942
567.148181528762,126.78381732431379,1.2933828933268963
567.2850455448753,127.26445350572138,1.2949603615458223
567.4211492759546,127.74529818055922,1.2965249130723615
567.5564985688751,128.22634822202642,1.2980766589266661
567.6910992265538,128.70760054261564,1.2996157091493306
567.8249570081624,129.18905209334858,1.3011421728102377
567.9580776293428,129.67069986302025,1.3026561580173253
568.0904667624227,130.1525408774519,1.3041577719252668
568.2221300366338,130.63457219875264,1.3056471207440765
568.3530730383305,131.11679092458903,1.3071243097476275
568.4833013112103,131.59919418746324,1.308589443282095
568.6128203565346,132.08177915399892,1.3100426247743204
568.7416356333512,132.56454302423492,1.311483956740096
568.8697525587173,133.04748303092677,1.3129135407923709
568.9971765079238,133.53059643885547,1.314331477649386
569.1239128147193,134.0138805441438,1.315737867142727
569.2499667715362,134.4973326735796,1.3171328082253062
569.3753436297159,134.98095018394613,1.3185163989792699
569.500048599736,135.46473046135938,1.31988873662383
569.6240868514369,135.94867092061176,1.3212499175230246
569.7474635142488,136.4327690045227,1.3226000371934061
569.8701836774198,136.9170221832953,1.323939190311659
569.9922523902435,137.40142795387953,1.325267470722145
570.1136746622869,137.88598383934118,1.3265849714443796
570.234455463619,138.37068738823703,1.3278917846804381
570.3545997250386,138.85553617399563,1.3291880018222937
570.4741123383027,139.3405277943039,1.3304737134590896
570.5929981563546,139.82565987049912,1.331749009384339
570.7112619935522,140.31093004696626,1.3330139786030628
570.8289086258956,140.7963359905408,1.3342687093388603
570.9459427912552,141.28187538991634,1.335513289040911
571.0623691895989,141.76754595505744,1.3367478043909173
571.1781924832195,142.25334541661724,1.33797234130998
571.2934172969614,142.73927152535964,1.3391869849654077
571.4080482184469,143.2253220515864,1.3403918197774702
571.5220897983027,143.71149478456837,1.3415869294260823
571.6355465503851,144.19778753198133,1.3427723968574306
571.7484229520053,144.68419811934595,1.343948304290537
571.8607234441537,145.1707243894718,1.3451147332237623
571.9724524317239,145.65736420190552,1.3462717644412505
572.0836142837363,146.14411543238276,1.3474194780193116
572.1942133335605,146.63097597228386,1.3485579533327483
572.3042538791373,147.11794372809334,1.349687269061123
572.4137401832003,147.6050166208627,1.3508075031949671
572.5226764734963,148.09219258567697,1.3519187330419324
572.6310669430048,148.5794695711243,1.3530210352328886
572.7389157501577,149.06684553876897,1.3541144857279601
572.8462270190569,149.55431846262752,1.3551991598225133
572.9530048396916,150.04188632864782,1.3562751321530824
573.0592532681553,150.52954713419112,1.3573424767032467
573.1649763268609,151.01729888751703,1.3584012668094507
573.2701780047557,151.50513960727113,1.3594515751667693
573.3748622575347,151.9930673219753,1.3604934738346248
573.4790330078538,152.4810800695206,1.3615270342424441
573.5826941455413,152.96917589666265,1.3625523271952744
573.6858495278088,153.45735285851936,1.3635694228793378
573.7885029794612,153.945609018071,1.3645783908675373
573.890658293105,154.4339424456625,1.3655793001249172
573.9923192293564,154.92235121850794,1.3665722190140688
574.0934895170479,155.41083342019706,1.3675572153004847
574.1941728534337,155.89938714020371,1.3685343561578716
574.2943729043941,156.38801047339632,1.3695037081734052
574.3940933046396,156.87670151955024,1.370465337352945
574.4933376579123,157.36545838286176,1.3714193091261961
574.5921095371876,157.85427917146387,1.3723656883518274
574.6904124848742,158.3431619969438,1.3733045393225378
574.7882500130127,158.83210497386185,1.3742359257700834
574.8856256034736,159.3211062192721,1.3751599108702512
574.9825427081541,159.8101638522444,1.376076557247793
575.079004749173,160.29927599338754,1.3769859269813116
575.1750151190653,160.78844076437437,1.377888081608102
575.270577180975,161.27765628746758,1.3787830821289493
575.3656942688475,161.76692068504713,1.379670989012884
575.4603696876198,162.25623207913873,1.38055186220189
575.5546067134104,162.74558859094344,1.3814257611155742
575.648408593707,163.23498834036852,1.3822927446557909
575.7417785475544,163.72442944555922,1.3831528712112222
575.8347197657398,164.2139100224317,1.3840061986619228
575.9272354109778,164.70342818420673,1.3848527843838152
576.0193286180938,165.19298204094468,1.3856926852531526
576.1110024942063,165.68256969908114,1.3865259576509308
576.202260118908,166.17218926096356,1.3873526574672708
576.2931045444456,166.66183882438878,1.388172840105753
576.3835387958984,167.15151648214135,1.3889865604877176
576.4735658713562,167.64122032153261,1.3897938730565214
576.5631887420948,168.13094842394074,1.3905948317817582
576.6524103527516,168.6206988643514,1.3913894901634425
576.7412336214995,169.11046971089928,1.3921779012361482
576.8296614402191,169.6002590244103,1.3929601175731197
576.9176966746702,170.09006485794455,1.393736191290337
577.0053421646625,170.57988525634013,1.394506174050547
577.0926007242242,171.0697182557574,1.3952701170672608
577.1794751417702,171.55956188322435,1.3960280711087094
577.2659681802686,172.04941415618228,1.3967800865017672
577.3520825774061,172.53927308203257,1.3975262131358388
577.4378210457528,173.02913665768392,1.3982665004667094
577.5231862729248,173.51900286910055,1.3990009975203606
577.6081809217468,174.0088696908509,1.3997297528967554
577.6928076304125,174.49873508565736,1.4004528147735815
577.7770690126447,174.98859700394658,1.4011702309099663
577.8609676578538,175.47845338340065,1.4018820486501573
577.9445061312953,175.96830214850914,1.4025883149271667
578.0276869742258,176.45814121012194,1.4032890762663852
578.110512704059,176.94796846500302,1.4039843787891613
578.1929858145191,177.43778179538504,1.4046742682163504
578.2751087757944,177.92757906852492,1.4053587898718298
578.3568840346886,178.41735813626042,1.4060379886859806
578.4383140147726,178.9071168345677,1.406711909199144
578.5194011165336,179.3968529831199,1.407380595565038
578.6001477175242,179.88656438484705,1.4080440915541486
578.6805561725104,180.3762488254967,1.4087024405570894
578.7606288136174,180.86590407319622,1.4093556855879292
578.8403679504763,181.35552787801603,1.4100038692874914
578.9197758703683,181.8451179715344,1.4106470339266224
578.9988548383685,182.3346720664033,1.4112852214094307
579.0776070974885,182.82418785591614,1.4119184732764953
579.156034868818,183.31366301357653,1.412546830708047
579.2341403516662,183.80309519266902,1.4131703345271225
579.2659097443783,184.00297239430964,1.3974432504025254
579.300708862625,184.2016987882904,1.381873400381103
579.39375513367,184.6883344296689,1.3828063590262234
579.4310498859721,184.88437882047938,1.3673845351775729
579.4712368464476,185.07921099749646,1.352117476246745
579.5786813519643,185.56268865901956,1.3533519757543528
579.6211285746235,185.75481187110879,1.3382289196110468
579.6663341622408,185.94567100109919,1.3232582047970043
579.7142413889595,186.13523654602977,1.308438594985633
579.7647939602639,186.32348082737187,1.2937688628351864
579.8179360484181,186.5103779370173,1.279247789870313
579.8736123253904,186.69590368376015,1.264874166368159
579.9317679933555,186.88003554033588,1.2506467912488652
579.9923488128705,187.06275259107554,1.2365644719702882
580.1546789141255,187.53021227560737,1.2389699379053187
580.2166973298714,187.71020179641548,1.2250159998193872
580.281022000598,187.88875551029577,1.211204873363254
580.347600902061,188.06585696886987,1.1975353893324465
580.4163826510966,188.2414911265881,1.1840063867041906
580.602942775916,188.69952387220866,1.18695210020691
580.6727988178213,188.87248748552818,1.1735442769583937
580.8640816594584,189.32840282345353,1.1766039139131745
580.9349288003431,189.49872311087896,1.1633157703305166
581.0078108522027,189.66757262493329,1.1501649442069342
581.2096187249031,190.1187112627203,1.1534707395725663
581.4098874609969,190.57040931961822,1.1567510898654358
581.4824547605755,190.73554175335855,1.1436971214224965
581.6870620650706,191.18511475543622,1.1470855250596186
581.8900957031412,191.63526947278197,1.1504478772374584
581.9622720124271,191.79674113945885,1.137489511135131
582.0363119461049,191.95678268263646,1.124665668035263
582.1121709122026,192.11538665259243,1.1119752312591107
582.1898050052845,192.27254662488647,1.0994170918599622
582.2691710131694,192.42825716092776,1.0869901485570495
582.4987150965096,192.8651026733146,1.0909760764440763
582.578487705541,193.01839880599874,1.0786565570978244
582.6599034774134,193.1702542866768,1.0664662211194376
582.8982615684075,193.60211071931207,1.070673102799601
583.1347399726233,194.03485478510885,1.0748476423932622
583.2151338836546,194.1834424700235,1.0627384739317796
583.4549538911765,194.61414466402258,1.0670053277013745
583.5355882052238,194.76042400734255,1.054999912672855
583.6177352679262,194.90530583297496,1.0431209769570415
583.7013570402781,195.04878898278383,1.031367456354813
583.7864161615809,195.19087303499649,1.019738294037583
583.8728759491187,195.33155827270144,1.0082324404957816
583.9607003970866,195.47084565321583,0.9968488534890056
584.0498541748156,195.60873677831563,0.985586497997744
584.1403026243408,195.74523386532013,0.9744443461765995
584.2320117573564,195.88033971902152,0.9634213773089328
584.5130524114473,196.2847039076604,0.9687241704160572
584.6045171244949,196.41780483357192,0.9577909595184595
584.8877284874202,196.82043585540146,0.9631662205083416
584.9789172483798,196.9515677753013,0.9523218150362158
585.0712712091789,197.08134975035546,0.9415939936862401
585.1647592677679,197.2097861625191,0.9309817596381667
585.2593509562718,197.336881859236,0.9204841230425957
585.3550164354889,197.462642130261,0.9101001009817606
585.4517264890194,197.58707268523105,0.8998287174312782
585.5494525170533,197.71017963197153,0.8896690032228056
585.85913685079,198.0922571029898,0.8957671391219577
585.9563129240513,198.2136554433545,0.8856862959012108
586.0544533969994,198.33375664006073,0.8757154432558716
586.1535315351316,198.45256761430403,0.8658536301376429
586.253521188152,198.57009560999376,0.8560999122367448
586.3543967826549,198.68634817548582,0.8464533519479236
586.6800680010942,199.05442928376627,0.8530199889286112
587.0032265000995,199.42453946374815,0.8595358579175922
587.1018550848004,199.53899459051075,0.8499282523642897
587.426037576264,199.90796873116503,0.8564943946875889
587.5239725810245,200.0209224422648,0.846959210721562
587.6227351336312,200.1326599967969,0.8375291688289863
587.9513172149872,200.49741944764983,0.8442433562235183
588.0493466740718,200.60772244003803,0.8348836813609104
588.3787695924018,200.97147556108095,0.8416441700785224
588.4760566149288,201.0803718144781,0.8323542403192254
588.5741132452827,201.18809832166295,0.8231672295264656
588.6729177579709,201.2946631322829,0.8140822348449959
589.0096499159512,201.6512890800504,0.8210799478289377
589.343780824643,202.01015795731632,0.8280235852939644
589.4402693077202,202.1152438403725,0.8189708195406071
589.537474779765,202.2192055682148,0.8100188084944695
589.6353769688318,202.32205129950887,0.8011666642005086
589.7339560718347,202.42378936578143,0.7924135052158197
589.8331927470324,202.52442825941915,0.7837584565784548
589.9330681064738,202.62397662213047,0.7752006497765214
590.0335637084157,202.7224432338569,0.7667392227175309
590.1346615497234,202.81983700212103,0.7583733196979785
590.2363440582649,202.9161669517986,0.7501020913731269
590.3385940853067,203.01144221530177,0.7419246947269773
590.4413948979219,203.1056720231615,0.7338402930424031
590.8050760448148,203.4336605241824,0.7417247654364303
590.906901279065,203.52695863672082,0.7336939871374453
591.2704962807318,203.8547729968056,0.7416025239485577
591.6313825743068,204.18535654967957,0.7494497023915905
591.730744490657,204.2778196788558,0.7414344529611379
592.091549601326,204.6082173571584,0.7493058231639478
592.449635625533,204.9413450233429,0.7571162006424501
592.5465730427808,205.0329487060511,0.7491178460232564
592.9045823141282,205.36587945008876,0.7569525252852043
593.2598625180619,205.70150120442077,0.7647265730818509
593.3544143041933,205.7922225545665,0.7567464792125533
593.709621644322,206.1276370009593,0.7645449216826194
594.0620903255846,206.46570369349365,0.7722830897428579
594.1542953735932,206.55552136326966,0.7643226232779474
594.5066945308984,206.89337100016226,0.7720852619420864
594.8563458201689,207.23383431885287,0.7797879792256581
595.2032484853111,207.57686628304884,0.7874312921341744
595.5474022515531,207.922422320044,0.7950157126607764
595.8888073119172,208.27045831820172,0.802541747842966
595.9745437826984,208.35918602336548,0.7945023841391285
596.0608101468539,208.44703763985083,0.7865541639195031
596.404964963231,208.79198906375632,0.7941909695842404
596.746354535856,209.13943559483118,0.8017690283391068
596.8304162350521,209.22629568149793,0.7938459775321909
597.1717717071175,209.57346784543006,0.8014493526695676
597.5103541696294,209.92309788587104,0.8089943126241628
597.8461644802783,210.27514192333817,0.8164813592786837
597.9267374822564,210.36088626546493,0.8085540266477369
598.2625449502107,210.7126171229734,0.8160671272693607
598.595573166661,211.06672572334858,0.8235226325733556
598.6740446319835,211.15142084374025,0.8156246581140376
599.0070689636951,211.5052115100715,0.8231061633337782
599.3373072706813,211.86134375162555,0.8305303886127033
599.6647615576086,212.21977459585366,0.8378978245055375
599.989434243109,212.58046152246536,0.8452089568453003
600.3113281477764,212.94336246025176,0.8524642667958422
600.383965777229,213.02646035191012,0.8445134036039144
600.457114651089,213.10881242461207,0.8366523395668022
600.7819026418496,213.46872493830256,0.8440182382562957
601.1038944578252,213.83086671660894,0.8513279369413631
601.4230931627844,214.19519565283863,0.8585819153911087
601.4930668291663,214.27624124912168,0.8507295667324368
601.8123125046881,214.64018420711415,0.8580106244067709
602.1287597642805,215.00627987751722,0.8652362509904101
602.4424123694905,215.37448680505065,0.8724069186712651
602.5093074537941,215.45416755090207,0.864567606509155
602.8230314212663,215.82195978695322,0.871765857379903
603.1339559531997,216.19182959399848,0.8789094273802096
603.4420854752781,216.56373615456576,0.8859987813049841
603.5059981012818,216.6420002989966,0.8781768287888747
603.8142214738265,217.01346586917882,0.8852942110047932
604.1196455492096,217.3869352106096,0.8923576447232211
604.4222753857766,217.7623681303185,0.8993675875248401
604.7221163779296,218.13972486669564,0.9063244926253393
605.0191742459667,218.51896608577144,0.9132288089229252
605.0780106553075,218.5951578725886,0.9053873799335026
605.3752396557287,218.97388593215808,0.9123213232835115
605.4334797479004,219.04916418501134,0.9045480657346694
605.7308405558937,219.42740610280526,0.9115107319606448
606.0254053862805,219.8075089671065,0.9184208518682384
606.3171804672661,220.18943378205302,0.9252788692215059
606.3727215579629,220.2631783194073,0.9175359718188645
606.6646448998249,220.64459709578864,0.9244229853938775
606.9537755469676,221.02780661269352,0.9312581366663384
607.2401202780825,221.41276846164354,0.9380418626659193
607.293054965999,221.48495127492694,0.9303337089225163
607.5795622967298,221.86938908770182,0.9371466481026225
607.8632811820821,222.25554852303898,0.9439083942513573
608.1442189270692,222.64339174833185,0.950619377809029
608.4223831144877,223.0328813412803,0.9572800251387399
608.4718359826785,223.10311035794075,0.9495965231885828
608.7502009937936,223.49203938953235,0.9562870693744845
609.0257904265139,223.88258514417598,0.9629274961767731
609.2986123506743,224.27471075292746,0.9695182236241644
609.5686750925911,224.6683797478915,0.9760596677779043
609.6148166277549,224.73659229525123,0.9684096441637751
609.8851140963275,225.12966860375568,0.9749815540045921
610.1526508298339,225.5242596076309,0.9815043832912043
610.417435606189,225.92032937110073,0.9879785419875731
610.6794774399937,226.31784235021146,0.9944044361954987
610.9387855748421,226.71676338882182,1.000782468195343
610.9809170762859,226.7824923800001,0.99316567417317
611.2405131623211,227.180775809968,0.9995750715832905
611.4973744906099,227.58043998663393,1.0059367895627886
611.7515107108037,227.98145025534112,1.0122512246200293
612.0029316837133,228.38377234017221,1.0185187695413411
612.2516474742653,228.7873723399483,1.024739813429914
612.2900334720107,228.8505391582709,1.0171710798835214
612.5390828332717,229.25346363982777,1.0234241896543175
612.785426394687,229.65763991698333,1.0296309633502903
613.0290745876689,230.06303456205038,1.0357917845988158
613.2700380316662,230.4696145132599,1.041907033438176
613.5083275277165,230.877347070805,1.0479770863547442
613.6094581590369,231.05282622839363,1.0391632408780636
613.8485981929555,231.4594489349719,1.0452833812679625
613.9493865598906,231.63325035221868,1.0365375974672633
614.1893225549529,232.0387859593886,1.0427068087653604
614.2897475959077,232.21093721180085,1.0340283178382244
614.3914187030607,232.38180015541636,1.0254489526369408
614.4943069890256,232.55138080935458,1.0169678537156113
614.741682640352,232.95141567903278,1.0233695835426841
614.8441092963536,233.11944661075734,1.0149521925897904
614.947703631558,233.28621814809588,1.0066316283377281
615.0524384315048,233.4517370358517,0.9984070470357107
615.3067329031221,233.8463930368872,1.0050322793858646
615.5582037360859,234.24240483054353,1.0116085667961112
615.8068609213174,234.63973591409814,1.018136314325269
616.0527146873428,235.03835018686254,1.024615923204407
616.1519938653113,235.20167535455383,1.0163495273466072
616.3982660183902,235.59937580145976,1.0228709816537123
616.4970442183048,235.7612397921815,1.0146662985083026
616.7436888581104,236.15804799006673,1.0212286960020762
616.9875140242884,236.556123086147,1.0277427783300013
617.2285303336649,236.95542909555576,1.0342089438327253
617.3236163486747,237.11529119196183,1.0259991320617
617.5650283717933,237.51368099570024,1.0325066717297808
617.8036291294044,237.91327556828577,1.0389664024957916
617.896665894478,238.07139976476316,1.0307858743790668
618.135650497575,238.470076989524,1.0372867310524638
618.3718217126187,238.86993264171306,1.0437398872644872
618.6051907689709,239.27093125926163,1.0501457347646568
618.694677399186,239.42698736093791,1.0419631707922665
618.9284519171869,239.82704597801532,1.0484105321527188
619.1594224241056,240.22822164228904,1.0548106853683272
619.3876005542885,240.6304793486547,1.0611640171410794
619.6129981482953,241.03378448508064,1.0674709105307425
619.6975511769756,241.18734186313284,1.059258148351108
619.9234075354434,241.58966541824202,1.0656075292402374
620.0075500997207,241.74180570040951,1.0574586719907142
620.2338174659619,242.14316768270683,1.0638496117258676
620.4572893799508,242.54556099075282,1.0701939103306168
620.677978053275,242.94895112630056,1.076491948329065
620.7588039290341,243.09892587650336,1.0683463376827884
620.9799223701328,243.50133405561502,1.0746862482855386
621.1982565787342,243.90471371148413,1.080979985323582
621.4138191474366,244.30903079863725,1.0872279244948038
621.4914211416957,244.4568005298989,1.07908781268441
621.7074309255802,244.86011632101426,1.0853779056231252
621.9206683574952,245.26434456363575,1.0916222809558134
622.1311463998685,245.669451661231,1.0978213096591514
622.2056162047484,245.81498172524306,1.0896889181536533
622.4165576178507,246.21906917645677,1.0959303499288122
622.6247392120121,246.6240108584259,1.1021265088838437
622.8301743088563,247.02977362048148,1.1082777613750823
622.9016024385963,247.17303402007389,1.1001552824531071
623.107515792237,247.5777597237851,1.1063491561674894
623.3106825055363,247.98328222544117,1.1124981910940361
623.511116249159,248.3895688178962,1.118602749065671
623.7088308587547,248.7965871752104,1.124663188525072
623.9038403289495,249.20430534912822,1.1306798645600216
624.0961588074813,249.6126917655793,1.136653128938315
624.1608136213904,249.7521406524751,1.1284654472530153
624.3537161656549,250.1594249857521,1.1344831701509888
624.4181090197535,250.29752281371822,1.126363641539852
624.611544206263,250.70372260404022,1.1324248389062674
624.8022743778208,251.1105766588975,1.1384423631414373
624.8651547468538,251.2468367290827,1.1303651989423633
625.0563975644924,251.65260768071275,1.1364257688802306
625.2449361270764,252.05900953362828,1.1424427173395992
625.4307850867848,252.4660108765491,1.1484163933354594
625.4909710215187,252.59992698200236,1.140357563695403
625.6773427663688,253.0058310656187,1.1463743869608667
625.8610259751815,253.4123115837472,1.152347984437517
626.0420356127894,253.81933756709105,1.158278700962037
626.0996110343974,253.9509001277431,1.1502402755191046
626.2811524559505,254.35681543410408,1.1562142128057813
626.4600216858995,254.76325345289547,1.162145311108877
626.6362339930095,255.17018365775462,1.1680339111670452
626.6912813661883,255.29938669527994,1.160017937911121
626.8680333445955,255.70519351176503,1.165949804707358
627.0421300984757,256.1114700606601,1.171839210784884
627.2135871919434,256.51818626005934,1.1776864928617066
627.3824203135375,256.92531239934453,1.1834919845212557
627.4339284356438,257.05158649842286,1.175478960519892
627.6033364607237,257.45756386209257,1.1813282288077547
627.7701224409741,257.8639295009919,1.18713573337752
627.9343023438466,258.27065414314814,1.1929018039561248
628.0958922497908,258.6777088834563,1.1986267672079798
628.1440274294151,258.80101821403645,1.1906212926827537
628.3062245911174,259.2069010773148,1.1963904760890056
628.4658339115583,259.61309313160655,1.2021185687455116
628.6228717345449,260.0195659059461,1.2078058936157987
628.6687984905031,260.1404828042077,1.1998316520403947
628.8264460802798,260.54577427044086,1.2055631199022097
628.9815246689583,260.95132581668724,1.2112538333453369
629.1340508559064,261.35710940995847,1.216904111695908
629.284041336656,261.7630973791191,1.2225142713248038
629.3268609764332,261.88103089937675,1.214554785674653
629.477489363798,262.2858175851123,1.220209432583327
629.6255847757465,262.6907887362577,1.225823965024789
629.7711641485906,263.0959171169062,1.2313986958766732
629.9142445043996,263.5011758491938,1.2369339351281745
629.9541110473648,263.61611598451776,1.2289936347851675
630.0978547121988,264.02015540454846,1.234573643589747
630.239102328484,264.4243059745485,1.2401141565744531
630.3778711447848,264.8285412501534,1.2456154803720914
630.5141784853669,265.2328351414288,1.2510779187919194
630.5512410580272,265.34478064598653,1.2431611675594008
630.6882344374982,265.74783902322457,1.248668597425218
630.8227695515636,266.1509375061405,1.2541371298349855
630.9548639370715,266.5540504374722,1.2595670653715798
631.0845351968263,266.9571525109407,1.2649587018574184
631.2118009953725,267.36021876828937,1.270312334383065
631.336679054868,267.7632245963491,1.2756282553355103
631.4591871510441,268.1661457241303,1.2809067544261419
631.4911208180914,268.2732005911171,1.272975622272888
631.6144063960814,268.67484766106645,1.2783004259608415
631.7353250698185,269.07639342974653,1.2835877722185254
631.7664355485183,269.1817186898664,1.27571925345252
631.8880994723154,269.5819942582302,1.2810522033490663
632.0074000830317,269.982151746211,1.2863476648006467
632.1243554702163,270.3821673840297,1.2916059243641245
632.2389837670025,270.782017743746,1.2968272659828806
632.2677522238425,270.8843835052277,1.2889966426966923
632.3831396367796,271.28295305805347,1.2942636132448904
632.496203809071,271.6813411974635,1.2994936289581815
632.6069630409353,272.0795249250963,1.3046869709716553
632.7154356673421,272.4774815813614,1.3098439178643542
632.821640054282,272.8751888425953,1.3149647456858133
632.9255945951136,273.27262471823985,1.3200497279823145
633.0273177069867,273.66976754804307,1.325099135822847
633.1268278273387,274.0665959992827,1.3301132378247917
633.1506075436234,274.1634817424011,1.322284414866072
633.2509726434146,274.5589976771499,1.3273454267697975
633.3491282910417,274.9541852401385,1.3323710714255972
633.4450930589308,275.3490235098433,1.3373616150102006
633.538885531821,275.7434918895373,1.3423173213012038
633.5607394453549,275.8374712291148,1.3345410179365853
633.6553909728946,276.23062175218496,1.339543455890544
633.7478740281723,276.6233889757426,1.3445109913342979
633.838207318547,277.01575271752716,1.3494438856912527
633.9264095558437,277.4076931172813,1.3543423980370601
634.0124994531291,277.7991906340072,1.359206785124039
634.0964957215532,278.19022604324084,1.3640373014053369
634.1153445065951,278.28008633181236,1.3563041189438012
634.2002392975561,278.66979216537084,1.36118170046959
634.2830442695378,279.05902375834086,1.3660253340658928
634.3637782355563,279.44776229482903,1.3708352720338723
634.4424599992734,279.835989272701,1.3756117644242458
634.5191083519973,280.2236865008661,1.380355059060732
634.5937420697469,280.6108360965792,1.3850654015632466
634.6663799103773,280.99742048275886,1.3897430353708558
634.7370406107648,281.3834223853218,1.3943882017644817
634.7521153350548,281.4679877908646,1.3867008806785028
634.82374046674,281.8526477417618,1.3913937873501725
634.8933919561141,282.2367149383671,1.396054131307082
634.961088614737,282.6201725015188,1.4006821519747392
635.0268492263746,283.0030038522987,1.4052780866653336
635.090692544328,283.3851927093604,1.4098421705997888
635.1526372888212,283.76672308627263,1.4143746369295842
635.2127021444433,284.1475792888766,1.4188757167583486
635.270905757647,284.5277459126569,1.4233456391632222
635.3272667343018,284.90720784012586,1.4277846312159959
635.3386121290758,284.9859981965246,1.420162605861857
635.3960036617596,285.36411269223004,1.424649935839998
635.4515556073261,285.7415142404797,1.4291062214477623
635.5052866181496,286.1181881024759,1.4335316882160765
635.5572152998714,286.49411982361147,1.4379265597111965
635.6073602090848,286.86929523083364,1.4422910575552512
635.6557398510727,287.2437004300202,1.4466254014465676
635.7023726775951,287.61732180336713,1.4509298091797849
635.7472770847296,287.9901460067879,1.4552044966657558
635.7904714107594,288.36215996732403,1.4594496779512376
635.8319739341125,288.73335088056695,1.463665565238375
635.8718028713478,289.10370620809044,1.46785236890398
635.9099763751901,289.4732136748937,1.4720102975186062
635.9465125326121,289.8418612668552,1.4761395578654248
635.9814293629622,290.20963722819613,1.4802403549589016
636.0147448161389,290.57653005895463,1.484312892063274
636.0464767708104,290.9425285124692,1.4883573707108377
636.0766430326785,291.307621592872,1.4923739907200382
636.1052613327869,291.6717985525919,1.4963629502133733
636.132349325873,292.0350488898663,1.500324445635103
636.1579245887625,292.39736234626264,1.5042586717687785
636.1820046188069,292.7587289042088,1.508165821754579
636.2046068323624,293.1191387845321,1.512046087106473
636.2257485633104,293.47858244400754,1.5158996577291894
636.2454470616192,293.83705057291434,1.519726721935017
636.2637194919457,294.19453409260115,1.5235274664604201
636.2805829322775,294.5510241530598,1.5273020764824796
636.2960543726138,294.9065121305074,1.5310507356351586
636.3101507136859,295.2609896249765,1.5347736260254
636.3228887657164,295.61444845791385,1.5384709282490423
636.3342852472159,295.96688066978714,1.5421428214065758
636.3443567838177,296.31827851769987,1.5457894831187247
636.3531199071498,296.6686344730143,1.5494110895418611
636.3605910537435,297.0179412189827,1.5530078153832614
636.366786563979,297.3661916483861,1.5565798339161887
636.3717226810658,297.7133788611818,1.5601273169948202
636.37541555006,298.0594961621584,1.563650435069011
636.3778812169159,298.4045370585989,1.5671493571988977
636.3791356275726,298.7484952579523,1.5706242510693453
636.3791946270753,299.09136466551263,1.5740752830042393
636.3780739587298,299.4331393821068,1.577502617980615
636.3757892632915,299.77381370179006,1.580906419642644
636.372356078187,300.11338210954995,1.5842868503154577
636.3677898367683,300.45183927901843,1.5876440710188247
636.3621058676006,300.78918007019246,1.5909782414806797
636.3553193937804,301.1253995271628,1.5942895201505003
636.347445532287,301.46049287585157,1.597578064212538
636.338499293364,301.79445552175804,1.6008440295989015
636.3284955799321,302.12728304771343,1.6040875710025002
636.317449187033,302.4589712116442,1.6073088418898376
636.3053748013027,302.7895159443444,1.6105079945136662
636.2922870004745,303.1189133472567,1.6136851799255032
636.2782002529125,303.44715969026305,1.6168405479880006
636.2631289171728,303.77425140948395,1.6199742473871819
636.2470872415942,304.1001851050874,1.6230864256445408
636.2300893639167,304.4249575391073,1.6261772291289986
636.2121493109287,304.7485656332712,1.6292468030687344
636.1932809981404,305.07100646683807,1.632295291562877
636.1734982294856,305.39227727444575,1.6353228375930637
636.1528146970501,305.71237544396854,1.6383295830348708
636.1312439808254,306.0312985143847,1.6413156686691082
636.1087995484902,306.3490441736545,1.6442812341929933
636.085494755216,306.6656102566088,1.64722641823119
636.061342843499,306.9809947428477,1.6501513583467213
636.0363569430164,307.2951957546507,1.6530561910517614
636.0105500705074,307.60821155489714,1.6559410518182958
635.9839351296786,307.92004054499796,1.6588060750886662
635.9565249111324,308.23068126283886,1.661651394285986
635.92833209232,308.54013238073446,1.6644771418244373
635.8993692375163,308.8483927033943,1.6672834491194486
635.8696487978182,309.15546116590053,1.6700704465977525
635.8391831111645,309.46133683169717,1.6728382637073258
635.8079844023788,309.76601889059174,1.6755870289272128
635.7760647832326,310.06950665676897,1.6783168697772313
635.7434362525306,310.3717995668166,1.6810279128275676
635.710110696216,310.6728971777641,1.6837202837082543
635.6760998874967,310.9727991651337,1.6863941071185362
635.6414154869913,311.2715053210043,1.6890495068361258
635.6060690428948,311.56901555208844,1.6916866057263507
635.5700719911633,311.8653298778221,1.6943055257511848
635.5334356557182,312.1604484284681,1.6969063879781787
635.496171248668,312.45437144323273,1.6994893125892778
635.4582898705489,312.7470992683959,1.7020544188895386
635.4198025105833,313.03863235545487,1.7046018253157333
635.3807200469545,313.328971259282,1.7071316494448592
635.3410532471003,313.61811663629646,1.7096440080025364
635.3008127680212,313.9060692426497,1.7121390168713102
635.2600091566063,314.1928299324256,1.714616791098849
635.2186528499747,314.4783996558544,1.7170774449060406
635.1767541758318,314.7627794575418,1.7195210916949968
635.1343233528419,315.045970474712,1.7219478440569498
635.0913704910146,315.32797393546576,1.7243578137800615
635.0479055921058,315.608791157053,1.72675111185713
635.0039385500336,315.8884235441609,1.7291278484932038
634.9594791513063,316.16687258721623,1.7314881331131051
634.9145370754653,316.44413986070333,1.7338320743688538
634.8691218955404,316.72022702149724,1.7361597801470054
634.8232430785172,316.99513580721185,1.738471357575893
634.7769099858176,317.2688680345638,1.7407669130327852
634.7301318737917,317.54142559775164,1.7430465521509504
634.6829178942216,317.8128104668506,1.7453103798266323
634.6352770948363,318.08302468622276,1.7475585002259466
634.587218419837,318.35207037294344,1.7497910167916801
634.538750710434,318.61994971524285,1.7520080322500133
634.4898827053928,318.8866649709637,1.754209648617156
634.4406230415908,319.15221846603475,1.7563959672058997
634.3909802545832,319.4166125929603,1.7585670886320877
634.3409627791777,319.67984980932545,1.7607231128210046
634.2905789500193,319.94193263631763,1.7628641390136846
634.2398370021822,320.20286365726406,1.7649902657731422
634.1887450717713,320.4626455161852,1.7671015909905226
634.1373111965306,320.72128091636444,1.7691982118911742
634.0855433164597,320.9787726189339,1.7712802250406483
634.0334492744378,321.2351234414762,1.773347726350618
633.981036816854,321.490336256643,1.775400811084726
633.9283135942454,321.7444139907887,1.7774395738643562
633.8752871619405,321.9973596226213,1.7794641086743344
633.8219649807093,322.2491761818687,1.7814745088685564
633.7683544174193,322.4998667479618,1.7834708671755433
633.7144627456971,322.74943444873344,1.7854532757039285
633.6602971465945,322.9978824591334,1.7874218259478747
633.6058647092606,323.2452139999597,1.7893766087924217
633.5511724316179,323.49143233660607,1.791317714518768
633.4962272210436,323.7365407778255,1.7932452328094826
633.4410358950537,323.9805426745097,1.7951592527536544
633.385605181993,324.2234414184848,1.7970598628519756
633.3299417217269,324.46524044132286,1.7989471510217587
633.2740520663374,324.7059432131696,1.8008212046018919
633.2179426808227,324.94555324158756,1.8026821103577317
633.161619943799,325.18407407041593,1.8045299544859335
633.1050901482049,325.4215092786454,1.806364822619222
633.0483595020092,325.65786247930896,1.8081867998311
632.9914341289196,325.89313731838905,1.8099959706404993
632.9343200690946,326.1273374737393,1.8117924190163706
632.8770232798561,326.36046665402273,1.8135762283822192
632.8195496364044,326.5925285976649,1.8153474816205808
632.761904932534,326.82352707182287,1.8171062610774449
632.7040948813503,327.05346587136916,1.818852648566616
632.6461251159884,327.2823488178914,1.820586725374027
632.5880011903309,327.5101797587068,1.8223085722619956
632.5297285797274,327.736962565892,1.8240182694734273
632.4713126817138,327.9627011353278,1.8257158967359661
632.4127588167323,328.1873993857589,1.8274015332660962
632.3540722288503,328.41106125786854,1.829075257773189
632.2952580864802,328.6336907133677,1.830737148463502
632.2363214830976,328.8552917340991,1.8323872830441275
632.1772674379604,329.075868321156,1.8340257387268926
632.1181008968254,329.2954244940148,1.8356525922322113
632.0588267326652,329.51396428968263,1.8372679197928905
631.9994497463841,329.7314917618589,1.8388717971578856
631.9399746675314,329.94801098011106,1.8404642995960137
631.8804061550147,330.16352602906437,1.8420455018996211
631.8207487978113,330.3780410076056,1.8436154783882053
631.7610071156776,330.5915600281004,1.8451743029119898
631.7011855598564,330.8040872156246,1.8467220488554634
631.6412885137836,331.0156267072089,1.8482587891408677
631.5813202937909,331.22618265109725,1.8497845962316504
631.5212851498079,331.435759206018,1.8512995421358722
631.4611872660608,331.6443605404691,1.8528036984095744
631.4010307617693,331.8519908320157,1.8542971361601062
631.3408196918402,332.0586542666009,1.8557799260494132
631.2805580475591,332.2643550378696,1.8572521382972846
631.2202497572787,332.4690973465047,1.8587138426845664
631.1598986871044,332.6728853995763,1.8601651085563313
631.0995086415768,332.87572340990266,1.861606004825016
631.0390833643512,333.0776155954246,1.863036599973519
630.9786265388739,333.2785661785909,1.864456962058263
630.9181417890546,333.4785793857566,1.8658671587122244
630.8576326799366,333.67765944659294,1.8672672571479234
630.7971027183621,333.8758105935092,1.8686573241603828
630.7365553536349,334.07303706108604,1.8700374261300503
630.6759939781795,334.2693430855207,1.8714076290256916
630.6154219281952,334.4647329040833,1.872767998407248
630.5548424843088,334.6592107545846,1.8741185994286615
630.4942588722203,334.85278087485494,1.8754594968406675
630.4336742633475,335.0454475022341,1.876790754993559
630.373091775465,335.237214873072,1.878112437839917
630.3125144733397,335.4280872222404,1.8794246089373132
630.2519453693617,335.6180687826548,1.8807273314509825
630.1913874241718,335.80716378480736,1.8820206681564633
630.1308435472839,335.99537645630966,1.8833046814422119
630.0703165977038,336.1827110214459,1.8845794333121884
630.0098093845435,336.36917170073644,1.8858449853884132
629.9493246676305,336.55476271051066,1.8871013989134982
629.888865158114,336.7394882624903,1.8883487347531478
629.8284335190649,336.923352563382,1.8895870533986354
629.7680323660733,337.10635981447984,1.8908164149692563
629.7076642678395,337.2885142112768,1.8920368792147473
629.647331746762,337.46981994308584,1.8932485055176898
629.5870372795199,337.65028119267015,1.8944513528958833
629.526783297651,337.8299021358823,1.895645480004693
629.4665721881256,338.0086869413124,1.8968309451393779
629.4064062939149,338.1866397699448,1.8980078062373913
629.3462879145555,338.3637647748237,1.8991761208806608
629.2862193067087,338.54006610072736,1.9003359462978437
629.2262026847148,338.71554788385026,1.9014873393665583
629.1662402211434,338.89021425149394,1.9026303566155987
629.1063340473385,339.06406932176577,1.9037650542271205
629.0464862539585,339.2371172032858,1.9048914880388104
628.9866988915123,339.4093619949015,1.9060097135460348
628.9269739708898,339.58080778541023,1.9071197859039621
628.8673134638874,339.75145865328955,1.9082217599296705
628.8077193037301,339.92131866643456,1.9093156901042345
628.748193385587,340.09039188190326,1.910401630574789
628.6887375670833,340.25868234566866,1.9114796351565762
628.6293536688069,340.4261940923786,1.9125497573349755
628.5700434748097,340.59293114512195,1.913612050267508
628.5108087331059,340.7588975152024,1.9146665667858294
628.4516511561629,340.9240972019186,1.915713359397703
628.3925724213897,341.0885341923512,1.9167524802889524
628.3335741716187,341.25221246115643,1.917783981325397
628.2746580155845,341.4151359703663,1.9188079140547742
628.2158255283961,341.5773086691948,1.919824329708641
628.1570782520057,341.73873449385076,1.9208332792042588
628.0984176956719,341.8994173673566,1.9218348131464644
628.0398453364186,342.05936119937314,1.92282898182952
627.9813626194889,342.21856988603054,1.9238158352389556
627.9229709587944,342.37704730976475,1.9247954230533866
627.8646717373599,342.53479733915987,1.9257677946463208
627.8064663077632,342.69182382879615,1.9267329990879514
627.7483559925703,342.84813061910336,1.9276910851469315
627.6903420847657,343.0037215362197,1.9286421012921373
627.6324258481785,343.1586003918559,1.9295860956944137
627.5746085179039,343.31277098316457,1.9305231162283079
627.5168913007194,343.46623709261485,1.9314532104737907
627.4592753754971,343.61900248787174,1.9323764257179583
627.4017618936114,343.77107092168046,1.9332928089567272
627.3443519793415,343.9224461317559,1.934202406896512
627.2870467302703,344.0731318406764,1.9351052659558912
627.2298472176784,344.2231317557824,1.9360014322672585
627.1727544869334,344.37244956907955,1.9368909516784658
627.115769557875,344.5210889571465,1.937773869754448
627.0588934251957,344.66905358104657,1.9386502317788397
627.0021270588173,344.81634708624426,1.9395200827555792
626.9454714042625,344.96297310252555,1.9403834674104994
626.8889273830227,345.1089352439224,1.9412404301929067
626.8324958929213,345.2542371086416,1.9420910152771507
626.7761778084724,345.3988822789969,1.9429352665641808
626.7199739812361,345.54287432134566,1.9437732276830895
626.6638852401685,345.6862167860289,1.9446049419926519
626.6079123919685,345.8289132073152,1.9454304525828459
626.5520562214198,345.970967103348,1.9462498022763661
626.4963174917287,346.11238197609686,1.947063033630128
626.440696944859,346.25316131131166,1.9478701889367596
626.3851953018608,346.39330857848074,1.948671310226083
626.329813263197,346.53282723079184,1.9494664392665886
626.2745515090651,346.6717207050967,1.9502556175668948
626.2194106997149,346.80999242187846,1.9510388863772024
626.1643914757628,346.94764578522256,1.9518162866907378
626.1094944585018,347.0846841827903,1.9525878592451855
626.0547202502071,347.2211109857956,1.9533536445241122
626.0000694344392,347.3569295489845,1.9541136827583836
625.9455425763421,347.4921432106178,1.9548680139275678
625.891140222938,347.626755292456,1.955616677761335
625.8368629034185,347.76076909974705,1.9563597137408433
625.7827111294315,347.8941879212172,1.95709716110012
625.7286853953655,348.0270150290639,1.957829058827432
625.6747861786288,348.15925367895113,1.9585554456666472
625.6210139399263,348.290907110008,1.95927636011859
625.5673691235323,348.4219785448286,1.9599918404423873
625.5138521575595,348.55247118947517,1.9607019246568047
625.460463454225,348.68238823348275,1.96140665054158
625.4072034101121,348.8117328498667,1.9621060556387402
625.3540724064295,348.9405081951321,1.9628001772539196
625.3010708092669,349.0687174092851,1.963489052457664
625.2481989698462,349.19636361584656,1.964172718086731
625.1954572247708,349.3234499218677,1.9648512107453788
625.1428458962711,349.4499794179475,1.9655245668066534
625.0903652924457,349.5759551782522,1.9661928224136638
625.038015707501,349.70138026053644,1.9668560134808502
624.9857974219867,349.82625770616653,1.9675141756952472
624.933710703028,349.950590540145,1.96816734451774
624.881755804555,350.0743817711374,1.9688155551843103
624.8299329675289,350.1976343915002,1.9694588427072803
624.7782424201647,350.32035137731077,1.9700972418765446
624.7266843781522,350.44253568839866,1.9707307872608002
624.6752590448718,350.56419026837847,1.971359513208765
624.6239666116096,350.6853180446842,1.9719834538503953
624.5728072577676,350.8059219286051,1.9726026430980914
624.5217811510726,350.9260048153226,1.973217114647901
624.4708884477808,351.0455695839492,1.973826901980713
624.420129292881,351.16461909756816,1.9744320383634477
624.3695038202935,351.2831562032746,1.9750325568502385
624.3190121530673,351.40118373221776,1.9756284902836088
624.2686544035738,351.51870449964485,1.9762198712956422
624.2184306736985,351.63572130494555,1.9768067323091474
624.1683410550295,351.7522369316978,1.9773891055388164
624.1183856290431,351.8682541477149,1.9779670229923774
624.0685644672876,351.98377570509336,1.9785405164717398
624.0188776315636,352.09880434026206,1.9791096175741378
623.9693251741023,352.213342774032,1.9796743576932627
623.9199071377412,352.3273937116476,1.9802347680203942
623.870623556097,352.4409598428381,1.9807908795455242
623.821474453736,352.5540438418707,1.9813427230584733
623.7724598463423,352.66664836760395,1.981890329150005
623.7235797408838,352.77877606354235,1.982433728212932
623.6748341357751,352.8904295578915,1.9829729504432194
623.6262230210384,353.0016114636139,1.983508025841079
623.5777463784623,353.1123243784862,1.9840389842120612
623.5294041817579,353.2225708851562,1.9845658551681398
623.4811963967127,353.33235355120104,1.985088668128796
623.4331229813425,353.44167492918626,1.9856074523220881
623.3851838860406,353.55053755672503,1.9861222367857252
623.3373790537254,353.65894395653817,1.9866330503681322
623.2897084199849,353.7668966365149,1.9871399217295078
623.2421719132203,353.87439808977393,1.9876428793428804
623.1947694547865,353.98145079472516,1.988141951495157
623.1475009591309,354.0880572151319,1.9886371662881697
623.1003663339297,354.19421980017376,1.9891285516397117
623.0533654802232,354.29994098450936,1.989616135284578
623.0064982925476,354.4052231883405,1.99009994477559
622.9597646590662,354.5100688174758,1.9905800074846232
622.9131644616976,354.6144802633953,1.9910563506036283
622.8666975762429,354.7184599033152,1.9915290011456444
622.8203638725097,354.822010100253,1.9919979859458135
622.7741632144357,354.9251332030932,1.9924633316623819
622.7280954602093,355.02783154665286,1.9929250647777055
622.6821604623888,355.1301074517479,1.9933832115992463
622.63635806802,355.23196322525945,1.9938377982605617
622.5906881187512,355.3334011602006,1.9942888507222953
622.5451504509479,355.4344235357832,1.9947363947731587
622.4997448958036,355.5350326174851,1.9951804560309094
622.4544712794511,355.6352306571176,1.9956210599433266
622.4093294230706,355.7350198928927,1.9960582317891786
622.3643191429968,355.8344025494913,1.9964919966791896
622.319440250824,355.93338083813086,1.9969223795569988
622.2746925535098,356.0319569566334,1.9973494052001168
622.230075853477,356.1301330894939,1.99777309822088
622.1855899487143,356.22791140794845,1.9981934830673946
622.1412346328748,356.3252940700429,1.9986105840244806
622.0970096953733,356.4222832207012,1.9990244252146114
622.0529149214823,356.5188809917941,1.9994350305988489
622.008950092426,356.61508950220775,1.9998424239777712
621.9651149854731,356.71091085791255,2.000246628992402
621.9214093740283,356.80634715203195,2.0006476691251276
621.8778330277217,356.90140046491115,2.0010455677006185
621.8343857124979,356.99607286418603,2.001440347886742
621.791067190702,357.09036640485186,2.0018320326954715
621.7478772211662,357.1842831293324,2.0022206449837867
621.7048155592933,357.27782506754846,2.0026062074545816
621.6618819571399,357.3709942369868,2.002988742657557
621.6190761634983,357.463792642769,2.003368272990113
621.5763979239761,357.5562222777201,2.0037448206982393
621.5338469810752,357.64828512243724,2.0041184078773986
621.49142307427,357.73998314535834,2.004489056473407
621.4491259400834,357.8313183028306,2.004856788283309
621.4069553121619,357.922292539179,2.0052216249562527
621.3649109213497,358.01290778677475,2.005583587994355
621.3229924957616,358.10316596610335,2.00594269875357
621.281199760854,358.19306898583295,2.006298978444544
621.2395324394955,358.2826187428823,2.006652448133476
621.1979902520367,358.37181712248866,2.0070031287429675
621.1565729163771,358.46066599827583,2.007351041052873
621.115280148033,358.5491672323215,2.0076962057011434
621.074111660203,358.637322675225,2.0080386431846673
621.0330671638326,358.7251341661746,2.008378373860106
620.9921463676778,358.81260353301474,2.00871541794473
620.9513489783683,358.8997325923131,2.009049795517244
620.9106747004681,358.9865231494275,2.009381526518615
620.8701232365369,359.0729769985725,2.009710630752891
620.8296942871888,359.15909592288614,2.0100371278880216
620.7893875511515,359.24488169449603,2.0103610374566703
620.7492027253235,359.3303360745858,2.010682378857023
620.7091395048303,359.41546081346075,2.0110011713535965
620.6691975830806,359.5002576506139,2.0113174340780384
620.6293766518205,359.58472831479133,2.0116311860299287
620.5896764011871,359.6688745240576,2.0119424460775726
620.5500965197618,359.75269798586095,2.012251232958791
620.5106366946217,359.8362003970979,2.0125575652817105
620.4712966113906,359.9193834441783,2.012861461525544
620.4320759542893,360.0022488030896,2.013162940041374
620.3929744061847,360.08479813946104,2.013462019052925
620.3539916486383,360.16703310862766,2.01375871665734
620.3151273619535,360.24895535569414,2.0140530508259467
620.2763812252226,360.33056651559804,2.0143450394050237
620.2377529163724,360.4118682131733,2.014634700116563
620.1992421122096,360.4928620632132,2.0149220505590257
620.1608484884649,360.5735496705328,2.0152071082080987
620.1225717198365,360.653932630032,2.015489890417446
620.0844114800329,360.7340125267571,2.0157704144194533
620.046367441815,360.81379093596337,2.0160486973259717
620.0084392770372,360.89326942317626,2.0163247561290607
619.9706266566876,360.97244954425315,2.016598607701722
619.9329292509287,361.0513328454444,2.016870268798633
619.8953467291358,361.1299208634542,2.017139756056877
619.857878759935,361.2082151255012,2.017407085996667
619.820525011242,361.286217149379,2.01767227502207
619.7832851502982,361.36392844351593,2.017935339421726
619.7461588437072,361.4413505070351,2.0181962953695605
619.7091457574708,361.5184848298137,2.018455158925498
619.6722455570234,361.5953328925424,2.0187119460361718
619.6354579072673,361.671896166784,2.018966672535626
619.5987824726055,361.74817611503244,2.019219354146018
619.5622189169756,361.82417419077086,2.0194700064783166
619.5257669038814,361.8998918385298,2.019718645032995
619.489426096426,361.9753304939449,2.0199652852007253
619.4531961573421,362.0504915838145,2.0202099422630617
619.4170767490231,362.1253765261567,2.020452631393127
619.3810675335535,362.19998673026635,2.0206933676562926
619.3451681727382,362.2743235967716,2.020932166010857
619.3093783281315,362.3483885176902,2.021169041308717
619.2736976610657,362.4221828764855,2.0214040082960416
619.2381258326792,362.49570804812237,2.021637081613938
619.2026625039435,362.56896539912225,2.0218682757991138
619.1673073356907,362.64195628761854,2.0220976052845394
619.132059988639,362.7146820634113,2.0223250844001033
619.0969201234194,362.7871440680219,2.022550727373268
619.0618874006008,362.85934363474706,2.0227745483297204
619.0269614807145,362.9312820887129,2.0229965612940166
618.9921420242791,363.0029607469285,2.0232167801902268
618.9574286918244,363.07438091833933,2.023435218842579
618.9228211439141,363.14554390388,2.0236518909760903
618.8883190411698,363.21645099652744,2.023866810217206
618.8539220442929,363.2871034813528,2.024079990094429
618.8196298140866,363.35750263557395,2.024291444038946
618.7854420114783,363.42764972860715,2.024501185385253
618.7513582975396,363.49754602211857,2.024709227371776
618.7173783335081,363.56719277007556,2.0249155831414907
618.6835017808074,363.6365912187975,2.0251202657425313
618.649728301067,363.7057426070065,2.02532328812881
618.6160575561416,363.77464816587775,2.025524663160618
618.5824892081309,363.84330911908927,2.025724403605235
618.5490229193977,363.9117266828721,2.025922522137529
618.5156583525863,363.9799020660593,2.026119031340558
618.4823951706411,364.0478364701354,2.0263139437061604
618.4492330368233,364.1155310892849,2.02650727163555
618.4161716147289,364.1829871104412,2.026699027439908
618.383210568305,364.25020571333454,2.026889223340964
618.3503495618666,364.31718807054,2.027077871471585
618.3175882601126,364.3839353475253,2.027264983876348
618.2849263281419,364.45044870269805,2.027450572512123
618.2523634314683,364.51672928745273,2.0276346492486432
618.2198992360363,364.58277824621763,2.0278172258690788
618.1875334082354,364.6485967165012,2.027998314070601
618.1552656149147,364.71418582893835,2.0281779254649486
618.1230955233972,364.7795467073363,2.0283560715789903
618.0910228014934,364.8446804687201,2.0285327638552815
618.059047117515,364.90958822337825,2.0287080136526194
618.0271681402882,364.9742710749073,2.028881832246598
617.9953855391663,365.0387301202569,2.0290542308301536
617.9636989840427,365.10296644977427,2.0292252205141157
617.9321081453631,365.16698114724824,2.029394812327748
617.9006126941376,365.2307752899532,2.029563017219288
617.8692123019522,365.2943499486928,2.029729846056485
617.8379066409806,365.35770618784306,2.029895309627138
617.8066953839954,365.42084506539567,2.0300594186396212
617.775578204379,365.4837676330006,2.030222183723419
617.7445547761345,365.5464749360087,2.0303836154296464
617.7136247738957,365.60896801351385,2.030543724231576
617.6827878729379,365.67124789839494,2.030702520525155
617.6520437491871,365.73331561735745,2.030860014629525
617.6213920792305,365.795172190975,2.031016216787532
617.5908325403254,365.85681863373026,2.0311711371662433
617.5603648104086,365.918255954056,2.03132478585745
617.5299885681054,365.97948515437554,2.0314771728781764
617.4997034927384,366.0405072311431,2.0316283081711832
617.4695092643359,366.1013231748839,2.031778201605464
617.4394055636403,366.16193397023363,2.0319268629767464
617.4093920721164,366.22234059597855,2.032074302007982
617.3794684719587,366.2825440250941,2.032220528349841
617.3496344460999,366.3425452247844,2.0323655515812007
617.3198896782176,366.40234515652037,2.03250938120963
617.2902338527418,366.46194477607895,2.0326520266718733
617.2606666548625,366.52134503358064,2.03279349733433
617.2311877705356,366.5805468735278,2.0329338024935346
617.2017968864903,366.6395512348422,2.033072951376629
617.1724936902356,366.69835905090247,2.0332109531418343
617.143277870066,366.75697124958134,2.0333478168789236
617.114149115068,366.81538875328243,2.0334835516096854
617.0851071151263,366.87361247897707,2.033618166288389
617.0561515609292,366.9316433382406,2.033751669802246
617.0272821439738,366.9894822372886,2.033884070971869
616.9984985565726,367.0471300770128,2.034015378551725
616.9698004918575,367.10458775301686,2.034145601230594
616.9411876437856,367.16185615565155,2.034274747632015
616.9126597071438,367.2189361700502,2.0344028263147367
616.8842163775538,367.27582867616354,2.0345298457731618
616.8558573514765,367.33253454879434,2.03465581443779
616.8275823262165,367.389054657632,2.034780740675659
616.7993909999266,367.44538986728685,2.0349046327907807
616.7712830716115,367.50154103732376,2.0350274990245767
616.7432582411323,367.5575090222964,2.035149347556313
616.71531620921,367.6132946717804,2.035270186503526
616.6874566774294,367.6688988304068,2.0353900239224547
616.6596793482427,367.72432233789505,2.03550886780846
616.6319839249727,367.7795660290859,2.035626726096453
616.6043701118166,367.834630733974,2.035743606661308
616.5768376138487,367.8895172777401,2.035859517318288
616.5493861370237,367.94422648078347,2.0359744658234513
616.5220153881795,367.99875915875367,2.036088459874069
616.49472507504,368.0531161225822,2.036201507109034
616.4675149062181,368.10729817851416,2.0363136151092665
616.4403845912177,368.1613061281393,2.0364247913981224
616.4133338404368,368.21514076842317,2.0365350434417913
616.3863623651694,368.26880289173795,2.0366443786497
616.3594698776075,368.32229328589307,2.036752804374909
616.3326560908439,368.3756127341655,2.036860327914507
616.3059207188736,368.42876201532994,2.036966956510007
616.2792634765962,368.481741903689,2.03707269734773
616.2526840798168,368.5345531691026,2.0371775575592013
616.2261822452491,368.5871965770178,2.03728154422153
616.1997576905155,368.63967288849796,2.037384664357795
616.1734101341495,368.69198286025204,2.037486924937424
616.147139295597,368.74412724466333,2.0375883328765756
616.120944895217,368.7961067898183,2.0376888950385137
616.0948266542836,368.84792223953497,2.0377886182339786
616.0687842949866,368.89957433339146,2.037887509221565
616.0428175404327,368.9510638067539,2.0379855747080855
616.0169261146461,369.0023913908044,2.03808282134894
615.9911097425702,369.0535578125688,2.0381792557484832
615.9653681500671,369.104563794944,2.038274884460381
615.9397010639194,369.1554100567257,2.0383697139879757
615.9141082118302,369.2060973126351,2.0384637507846435
615.8885893224237,369.25662627334606,2.0385570012541496
615.8631441252458,369.30699764551173,2.0386494717510004
615.837772350764,369.3572121317912,2.0387411685807972
615.8124737303685,369.4072704308758,2.0388320980005847
615.7872479963715,369.45717323751546,2.0389222662191964
615.7620948820081,369.50692124254437,2.0390116793976025
615.7370141214357,369.556515132907,2.03910034364925
615.7120054497344,369.60595559168377,2.039188265040404
615.687068602907,369.6552432981164,2.0392754495904866
615.6622033178783,369.704378927633,2.039361903272413
615.6374093324956,369.7533631518736,2.039447632012923
615.6126863855281,369.8021966387146,2.039532641692918
615.5880342166665,369.8508800522937,2.0396169381477858
615.5634525665224,369.8994140530345,2.0397005271677324
615.5389411766284,369.94779929767066,2.039783414498105
615.5144997894373,369.99603643927037,2.039865605839716
615.4901281483213,370.0441261272601,2.0399471068491657
615.4658259975718,370.09206900744863,2.04002792313916
615.4415930823982,370.13986572205073,2.04010806027883
615.4174291489277,370.1875169097106,2.040187523794046
615.3933339442042,370.23502320552524,2.0402663191677313
615.3693072161874,370.28238524106763,2.0403444518401717
615.3453487137521,370.32960364440976,2.0404219272093282
615.321458186687,370.37667904014546,2.0404987506311425
615.2976353856939,370.42361204941307,2.0405749274198417
615.2738800623866,370.470403289918,2.0406504628482436
615.2501919692901,370.51705337595513,2.0407253621480557
615.2265708598387,370.5635629184308,2.0407996305101763
615.2030164883755,370.60993252488527,2.0408732730849923
615.179528610151,370.65616279951405,2.040946294982673
615.1561069813216,370.70225434319013,2.0410187012734653
615.1327513589487,370.7482077534853,2.0410904969879846
615.1094615009969,370.79402362469165,2.041161687117506
615.0862371663329,370.8397025478427,2.0412322766142506
615.0630781147242,370.88524511073473,2.0413022703916717
615.0399841068371,370.93065189794754,2.0413716733247407
615.0169549042356,370.97592349086545,2.0414404902502277
614.9939902693799,371.02106046769785,2.041508725966981
614.9710899656245,371.0660634034997,2.041576385236209
614.9482537572169,371.11093287019196,2.0416434727817547
614.9254814092957,371.15566943658183,2.04170999329037
614.9027726878891,371.20027366838275,2.0417759514119904
614.8801273599131,371.2447461282344,2.041841351760006
614.8575451931698,371.2890873757225,2.04190619891153
614.8350259563456,371.3332979673983,2.041970497407669
614.8125694190093,371.3773784567985,2.042034251753785
614.7901753516104,371.4213293944641,2.0420974664197615
614.7678435254772,371.4651513279601,2.0421601458402687
614.745573712815,371.50884480189416,2.0422222944150192
614.7233656867039,371.5524103579359,2.04228391650903
614.701219221097,371.59584853483574,2.0423450164528774
614.6791340908184,371.63915986844324,2.042405598542958
614.6571100715615,371.682344891726,2.0424656670417347
614.6351469398867,371.72540413478805,2.042525226177995
614.613244473219,371.76833812488786,2.0425842801470964
614.5914024498467,371.8111473864569,2.04264283311122
614.5696206489188,371.8538324411174,2.0427008891996143
614.547898850443,371.8963938077003,2.042758452508842
614.5262368352835,371.9388320022631,2.042815527103021
614.5046343851591,371.9811475381075,2.0428721170140705
614.4830912826405,372.0233409257969,2.0429282262419477
614.4616073111489,372.0654126731738,2.0429838587548907
614.4401822549528,372.10736328537706,2.043039018489651
614.4188158991666,372.1491932648591,2.043093709351731
614.397508029748,372.1909031114028,2.04314793521562
614.3762584334958,372.23249332213874,2.0432016999250227
614.3550668980474,372.27396439156155,2.0432550072930944
614.3339332118769,372.31531681154695,2.043307861102665
614.3128571642925,372.356551071368,2.0433602651064717
614.2918385454341,372.3976676577119,2.0434122230273806
614.270877146271,372.43866705469594,2.043463738558615
614.2499727586,372.47954974388387,2.0435148153639764
614.2291251750423,372.52031620430205,2.0435654570780653
614.2083341890416,372.5609669124553,2.0436156673065042
614.1875995948614,372.60150234234277,2.043665449626152
614.1669211875827,372.6419229654739,2.0437148075853226
614.146298763102,372.68222925088367,2.0437637447040027
614.1257321181279,372.72242166514854,2.0438122644740613
614.1052210501795,372.76250067240153,2.043860370359466
614.0847653575836,372.8024667343477,2.043908065796492
614.0643648394723,372.8423203102794,2.0439553541939315
614.0440192957806,372.8820618570911,2.0440022389333024
614.0237285272434,372.92169182929473,2.0440487233690554
614.0034923353937,372.9612106790343,2.0440948108287795
613.9833105225598,373.00061885610074,2.044140504613403
613.9631828918626,373.0399168079466,2.0441858079973994
613.9431092472134,373.0791049797006,2.044230724228985
613.9230893933111,373.11818381418215,2.0442752565303213
613.9031231356397,373.1571537519155,2.044319408097712
613.8832102804658,373.19601523114426,2.044363182101801
613.8633506348364,373.2347686878455,2.0444065816877632
613.8435440065754,373.27341455574356,2.044449609975506
613.8237902042821,373.31195326632445,2.0444922700598545
613.804089037328,373.35038524884936,2.044534565010748
613.7844403158543,373.3887109303685,2.044576497873427
613.7648438507695,373.4269307357349,2.0446180716686246
613.7452994537465,373.4650450876178,2.044659289392751
613.7258069372203,373.50305440651624,2.0447001540180816
613.7063661143854,373.54095911077246,2.0447406684929392
613.6869767991931,373.57875961658516,2.0447808357418804
613.6676388063485,373.6164563380226,2.0448206586658753
613.6483519513088,373.65404968703587,2.0448601401424895
613.6291160502798,373.6915400734718,2.044899283026064
613.6099309202137,373.7289279050858,2.044938090147891
613.5907963788068,373.76621358755494,2.0449765643163946
613.5717122444959,373.80339752449044,2.0450147083173036
613.5526783364567,373.84048011745045,2.0450525249138263
613.5336944746006,373.8774617659526,2.0450900168468262
613.5147604795724,373.9143428674864,2.04512718683499
613.4958761727472,373.9511238175258,2.0451640375750024
613.4770413762285,373.9878050095412,2.045200571741712
613.4582559128447,374.02438683501197,2.0452367919883034
613.4395196061473,374.06086968343845,2.0452727009464606
613.4208322804076,374.09725394235403,2.0453083012265356
613.4021937606145,374.133539997337,2.0453435954177115
613.3836038724717,374.16972823202246,2.0453785860881677
613.365062442395,374.2058190281144,2.0454132757852417
613.3465692975099,374.24181276539696,2.0454476670355906
613.3281242656487,374.27770982174644,2.0454817623453483
613.3097271753481,374.31351057314265,2.04551556420029
613.2913778558465,374.34921539368037,2.045549075065983
613.2730761370811,374.3848246555809,2.045582297387951
613.2548218496859,374.4203387292033,2.045615233591824
613.2366148249882,374.45575798305555,2.0456478860834935
613.218454895007,374.4910827838058,2.045680257249269
613.2003418924494,374.5263134962933,2.0457123494560268
613.1822756507088,374.56145048353983,2.045744165051362
613.1642560038615,374.59649410676,2.04577570636374
613.1462827866649,374.63144472537266,2.045806975702642
613.1283558345542,374.6663026970113,2.045837975358717
613.1104749836402,374.70106837753497,2.045868707603926
613.0926400707065,374.73574212103887,2.0458991746916873
613.074850933207,374.77032427986484,2.045929378857023
613.0571074092633,374.80481520461194,2.045959322316701
613.0394093376619,374.83921524414677,2.0459890072693794
613.0217565578521,374.8735247456138,2.0460184358957445
613.0041489099426,374.9077440544458,2.046047610358655
612.9865862346996,374.9418735143739,2.04607653280328
612.9690683735442,374.9759134674378,2.046105205357236
612.9515951685495,375.00986425399566,2.0461336301307265
612.9341664624379,375.0437262127343,2.0461618092166773
612.9167820985791,375.0774996806791,2.0461897446908726
612.899441920987,375.1111849932037,2.0462174386120884
612.8821457743175,375.1447824840399,2.0462448930222266
612.8648935038656,375.1782924852875,2.0462721099464467
612.8476849555632,375.21171532742363,2.0462990913932977
612.8305199759762,375.2450513393127,2.046325839354849
612.8133984123025,375.2783008482156,2.046352355806821
612.7963201123686,375.3114641797995,2.04637864270871
612.7792849246277,375.3445416581469,2.046404702003919
612.7622926981574,375.3775336057653,2.0464305356198844
612.7453432826563,375.4104403435961,2.0464561454682
612.7284365284423,375.4432621910242,2.0464815334447426
612.7115722864497,375.47599946588673,2.046506701429797
612.6947504082267,375.5086524844825,2.046531651288177
612.6779707459328,375.5412215615809,2.0465563848693487
612.6612331523369,375.57370701043067,2.046580904007552
612.6445374808139,375.60610914276896,2.0466052105219195
612.627883585343,375.6384282688303,2.046629306216597
612.6112713205048,375.6706646973551,2.0466531928808624
612.5947005414787,375.70281873559856,2.0466768722892423
612.578171104041,375.73489068933924,2.0467003462016287
612.5616828645618,375.7668808628878,2.046723616363396
612.5452356800031,375.7987895590952,2.0467466845055142
612.5288294079159,375.8306170793617,2.0467695523446654
612.5124639064379,375.86236372364476,2.0467922215833543
612.4961390342913,375.89402979046787,2.046814693910024
612.47985465078,375.9256155769285,2.0468369709991645
612.4636106157874,375.9571213787067,2.0468590545114242
612.4474067897738,375.9885474900729,2.0468809460937223
612.4312430337744,376.01989420389646,2.046902647379354
612.4151192093964,376.05116181165346,2.0469241599881025
612.3990351788167,376.082350603435,2.0469454855263445
612.3829908047798,376.1134608679549,2.0469666255871566
612.3669859505951,376.144492892558,2.0469875817504217
612.3510204801349,376.1754469632276,2.0470083555829355
612.3350942578315,376.2063233645937,2.047028948638509
612.3192071486753,376.23712237994044,2.047049362458073
612.3033590182121,376.26784429121415,2.047069598569779
612.2875497325408,376.2984893790307,2.047089658489103
612.2717791583116,376.3290579226833,2.047109543718948
612.2560471627228,376.3595502001502,2.0471292557497396
612.240353613519,376.38996648810183,2.047148796059533
612.2246983789888,376.42030706190866,2.047168166114103
612.2090813279623,376.4505721956484,2.0471873673670515
612.1935023298087,376.4807621621134,2.0472064012598965
612.1779612544343,376.51087723281813,2.0472252692221744
612.16245797228,376.5409176780061,2.0472439726715344
612.146992354319,376.5708837666575,2.047262513013833
612.1315642720547,376.6007757664962,2.0472808916432292
612.1161735975182,376.63059394399676,2.047299109942279
612.1008202032664,376.66033856439174,2.0473171692820262
612.085503962379,376.6900098916785,2.047335071022097
612.0702247484572,376.7196081886265,2.0473528165107906
612.0549824356209,376.74913371678394,2.04737040708517
612.0397768985064,376.7785867364848,2.047387844071155
612.0246080122644,376.8079675068557,2.0474051287836073
612.0094756525577,376.83727628582267,2.047422262526422
611.9943796955592,376.866513330118,2.0474392465926154
611.9793200179494,376.8956788952868,2.0474560822644143
611.964296496914,376.9247732356938,2.0474727708133402
611.9493090101425,376.95379660453005,2.0474893135002965
611.9343574358253,376.9827492538193,2.0475057115756536
611.9194416526517,377.0116314344247,2.0475219662793354
611.9045615398079,377.0404433960553,2.047538078840903
611.8897169769747,377.0691853872724,2.0475540504796363
611.8749078443252,377.0978576554961,2.04756988240462
611.8601340225232,377.12646044701165,2.047585575814823
611.8453953927204,377.1549940069757,2.0476011318991834
611.8306918365548,377.1834585794227,2.0476165518366862
611.8160232361482,377.211854407271,2.0476318367964472
611.8013894741043,377.24018173232935,2.0476469879377897
611.7867904335066,377.26844079530275,2.0476620064103255
611.7722259979159,377.2966318357988,2.0476768933540326
611.7576960513692,377.32475509233365,2.0476916498993347
611.7432004783763,377.3528108023382,2.047706277167176
611.7287391639187,377.3807992021639,2.0477207762691014
611.7143119934474,377.40872052708914,2.0477351483073303
611.6999188528803,377.43657501132463,2.047749394374832
611.6855596286008,377.46436288801965,2.0477635155554026
611.6712342074554,377.4920843892679,2.047777512923739
611.6569424767517,377.51973974611326,2.0477913875455105
611.6426843242565,377.5473291885555,2.0478051404774353
611.6284596381935,377.57485294555624,2.047818772767352
611.6142683072417,377.60231124504435,2.04783228545429
611.6001102205331,377.62970431392193,2.047845679568546
611.5859852676508,377.6570323780698,2.0478589561317477
611.5718933386271,377.68429566235307,2.047872116156933
611.5578343239412,377.7114943906268,2.047885160648611
611.5438081145174,377.73862878574147,2.047898090602839
611.5298146017236,377.76569906954853,2.047910907007288
611.5158536773686,377.79270546290576,2.047923610841309
611.5019252337004,377.8196481856828,2.0479362030760075
611.4880291634045,377.8465274567666,2.047948684674302
611.4741653596017,377.87334349406643,2.0479610565909976
611.4603337158463,377.90009651451965,2.04797331977285
611.4465341261243,377.92678673409677,2.0479854751586295
611.4327664848512,377.95341436780666,2.047997523679191
611.4190306868701,377.97997962970186,2.0480094662575326
611.4053266274501,378.0064827328838,2.0480213038088637
611.3916542022843,378.0329238895079,2.0480330372406677
611.3780133074877,378.05930331078866,2.048044667452766
611.3644038395956,378.0856212070048,2.04805619533738
611.3508256955618,378.11187778750434,2.048067621779192
611.3372787727561,378.1380732607095,2.0480789476554104
611.3237629689635,378.1642078341219,2.0480901738358277
611.3102781823814,378.19028171432734,2.0481013011828813
611.2968243116183,378.21629510700086,2.0481123305517173
611.2834012556917,378.2422482169115,2.048123262790246
611.2700089140267,378.2681412479273,2.0481340987392036
611.2566471864534,378.2939744030201,2.0481448392322115
611.243315973206,378.3197478842704,2.0481554850958332
611.2300151749205,378.34546189287187,2.0481660371496337
611.2167446926329,378.3711166291365,2.048176496206235
611.2035044277776,378.39671229249905,2.0481868630713755
611.1902942821855,378.4222490815218,2.0481971385439657
611.1771141580823,378.44772719389925,2.0482073234161433
611.1639639580867,378.4731468264627,2.04821741847333
611.1508435852087,378.49850817518495,2.0482274244942875
611.1377529428479,378.52381143518465,2.04823734225117
611.1246919347915,378.54905680073114,2.0482471725095817
611.1116604652128,378.57424446524874,2.0482569160286275
611.0986584386696,378.5993746213213,2.0482665735609693
611.0856857601021,378.62444746069673,2.0482761458528778
611.0727423348317,378.64946317429127,2.0482856336442854
611.0598280685585,378.67442195219417,2.0482950376688382
611.0469428673607,378.6993239836718,2.048304358653948
611.034086637692,378.724169457172,2.0483135973208455
611.0212592863803,378.74895856032873,2.0483227543846274
611.0084607206261,378.773691479966,2.048331830554311
610.9956908480005,378.7983684021022,2.0483408265328826
610.9829495764441,378.82298951195463,2.048349743017348
610.9702368142645,378.84755499394333,2.048358580698782
610.9575524701356,378.8720650316955,2.0483673402623754
610.9448964530956,378.8965198080497,2.0483760223874867
610.932268672545,378.9209195050597,2.048384627747689
610.9196690382454,378.9452643039991,2.0483931570108167
610.9070974603178,378.96955438536486,2.048401610839016
610.8945538492409,378.9937899288817,2.048409989888789
610.8820381158497,379.0179711135061,2.048418294811044
610.8695501713337,379.04209811743027,2.048426526251136
610.8570899272353,379.0661711180861,2.048434684848921
610.8446572954484,379.0901902921492,2.0484427712387925
610.8322521882169,379.1141558155428,2.0484507860497345
610.8198745181327,379.1380678634417,2.048458729905361
610.8075241981345,379.16192661027605,2.0484666034239654
610.7952011415064,379.18573222973544,2.04847440721856
610.7829052618757,379.2094848947725,2.0484821418969235
610.7706364732121,379.233184777607,2.0484898080616425
610.7583946898258,379.25683204972927,2.0484974063101546
610.746179826366,379.2804268819043,2.0485049372347923
610.7339917978193,379.3039694441754,2.048512401422826
610.7218305195086,379.32745990586784,2.0485197994565034
610.709695907091,379.35089843559274,2.0485271319130947
610.6975878765569,379.37428520125053,2.0485343993649305
610.685506344228,379.3976203700348,2.048541602379448
610.673451226756,379.4209041084359,2.048548741519224
610.6614224411214,379.44413658224437,2.0485558173420237
610.6494199046316,379.46731795655484,2.0485628304008365
610.6374435349196,379.4904483957694,2.0485697812439163
610.6254932499428,379.51352806360126,2.0485766704148194
610.6135689679811,379.5365571230781,2.048583498452448
610.6016706076358,379.5595357365459,2.048590265891085
610.5897980878281,379.58246406567207,2.0485969732604348
610.5779513277973,379.6053422714492,2.04860362108566
610.5661302471001,379.62817051419836,2.0486102098874213
610.5543347656085,379.6509489535725,2.048616740181913
610.5425648035088,379.67367774856,2.048623212480903
610.5308202813,379.696357057488,2.0486296272917652
610.5191011197925,379.7189870380256,2.0486359851175227
610.5074072401067,379.7415678471875,2.048642286456877
610.4957385636714,379.7640996413371,2.0486485318042513
610.4840950122228,379.7865825761899,2.0486547216498208
610.472476507803,379.80901680681677,2.0486608564795503
610.4608829727583,379.8314024876471,2.0486669367752315
610.4493143297384,379.8537397724723,2.048672963014514
610.4377705016944,379.87602881444883,2.048678935670943
610.4262514118783,379.89826976610146,2.048684855213992
610.4147569838408,379.92046277932644,2.0486907221090984
610.4032871414304,379.94260800539473,2.0486965368176957
610.391841808792,379.96470559495503,2.048702299797249
610.3804209103657,379.98675569803714,2.0487080115012866
610.3690243708853,380.0087584640548,2.048713672379435
610.357652115377,380.03071404180895,2.0487192828774496
610.3463040691584,380.0526225794908,2.048724843437247
610.3349801578364,380.07448422468485,2.04873035449694
610.3236803073071,380.0962991243719,2.0487358164908667
610.3124044437535,380.1180674249322,2.0487412298496253
610.3011524936447,380.1397892721483,2.0487465950001003
610.2899243837346,380.1614648112081,2.0487519123655007
610.2787200410604,380.1830941867079,2.048757182365385
610.2675393929416,380.20467754265525,2.0487624054156965
610.2563823669785,380.22621502247193,2.0487675819287894
610.2452488910512,380.2477067689968,2.048772712313461
610.2341388933183,380.2691529244888,2.048777796974983
610.2230523022155,380.2905536306298,2.04878283631513
610.2119890464544,380.31190902852745,2.048787830732209
610.2009490550215,380.33321925871803,2.0487927806210884
610.1899322571767,380.35448446116925,2.0487976863732253
610.1789385824521,380.3757047752832,2.048802548376699
610.1679679606513,380.39688033989904,2.048807367016236
610.1570203218472,380.41801129329576,2.0488121426732375
610.146095596382,380.439097773195,2.0488168757258105
610.1351937148648,380.4601399167638,2.048821566548794
610.1243146081715,380.4811378606174,2.0488262155137846
610.1134582074428,380.5020917408218,2.048830822989169
610.1026244440835,380.52300169289657,2.0488353893401463
610.0918132497611,380.5438678518176,2.048839914928756
610.0810245564048,380.5646903520196,2.0488444001139072
610.0702582962042,380.5854693273989,2.0488488452514027
610.059514401608,380.6062049113161,2.0488532506939654
610.0487928053234,380.6268972365986,2.048857616791265
610.0380934403142,380.6475464355432,2.0488619438899445
610.0274162398005,380.6681526399188,2.048866232333644
610.0167611372567,380.688715980969,2.048870482463027
610.0061280664111,380.7092365894145,2.0488746946158063
609.9955169612443,380.72971459545585,2.048878869126769
609.9849277559885,380.75015012877583,2.0488830063278005
609.9743603851257,380.7705433185421,2.048887106547907
609.9638147833874,380.7908942934095,2.0488911701132455
609.9532908857531,380.8112031815229,2.048895197347144
609.9427886274491,380.83147011051926,2.0488991885701244
609.9323079439476,380.85169520753044,2.0489031440999295
609.9218487709658,380.8718785991855,2.048907064251546
609.9114110444641,380.8920204116131,2.048910949337225
609.9009947006459,380.912120770444,2.048914799666509
609.8905996759561,380.93217980081346,2.0489186155462527
609.8802259070798,380.95219762736366,2.048922397280645
609.8698733309417,380.9721743742459,2.0489261451712357
609.8595418847049,380.99211016512334,2.048929859516954
609.8492315057697,381.0120051231729,2.048933540614131
609.8389421317727,381.03185937108805,2.0489371887565255
609.8286737005857,381.05167303108067,2.0489408042353396
609.8184261503146,381.07144622488386,2.0489443873392474
609.8081994192986,381.09117907375384,2.048947938354411
609.7979934461089,381.1108716984724,2.0489514575645043
609.7878081695478,381.1305242193493,2.0489549452507347
609.7776435286478,381.15013675622424,2.0489584016918645
609.7674994626702,381.1697094284694,2.048961827164227
609.7573759111048,381.1892423549915,2.0489652219417547
609.747272813668,381.2087356542341,2.0489685862959934
609.7371901103027,381.22818944417975,2.0489719204961254
609.7271277411763,381.2476038423523,2.0489752248089896
609.717085646681,381.266978965819,2.0489784994991016
609.7070637674315,381.2863149311927,2.048981744828671
609.6970620442648,381.3056118546339,2.0489849610576254
609.6870804182394,381.32486985185324,2.0489881484436268
609.6771188306333,381.34408903811317,2.0489913072420913
609.6671772229442,381.36326952823043,2.0489944377062095
609.6572555368881,381.3824114365781,2.0489975400869636
609.647353714398,381.4015148770875,2.049000614633149
609.6374716976235,381.42057996325065,2.0490036615913896
609.6276094289293,381.43960680812194,2.0490066812061585
609.6177668508949,381.4585955243205,2.049009673719797
609.607943906313,381.47754622403215,2.049012639372531
609.5981405381892,381.4964590190114,2.049015578402491
609.5883566897405,381.51533402058357,2.049018491045727
609.5785923043949,381.5341713396468,2.0490213775362296
609.5688473257899,381.5529710866739,2.0490242381059467
609.5591216977721,381.5717333717147,2.0490270729847992
609.5494153643959,381.59045830439766,2.0490298824007
609.5397282699232,381.60914599393203,2.0490326665795724
609.5300603588216,381.62779654910986,2.0490354257453633
609.5204115757643,381.6464100783079,2.0490381601200642
609.5107818656287,381.66498668948947,2.0490408699237257
609.5011711734958,381.68352649020653,2.0490435553744746
609.4915794446491,381.70202958760154,2.049046216688531
609.4820066245741,381.72049608840933,2.0490488540802225
609.4724526589567,381.7389260989591,2.0490514677620055
609.4629174936833,381.75731972517616,2.049054057944474
609.453401074839,381.775677072584,2.04905662483638
609.4439033487073,381.7939982463061,2.0490591686446518
609.4344242617692,381.8122833510677,2.049061689574403
609.4249637607021,381.83053249119774,2.0490641878289537
609.415521792379,381.8487457706306,2.0490666636098425
609.4060983038679,381.86692329290815,2.0490691171168436
609.3966932424307,381.88506516118133,2.0490715485479827
609.3873065555225,381.9031714782121,2.04907395809955
609.3779381907907,381.9212423463751,2.049076345966114
609.3685880960741,381.9392778676597,2.049078712340542
609.3592562194021,381.95727814367154,2.049081057414007
609.3499425089943,381.97524327563434,2.0490833813760094
609.3406469132589,381.9931733643918,2.049085684414387
609.3313693807922,382.0110685104092,2.04908796671533
609.3221098603784,382.02892881377517,2.049090228463397
609.3128683009879,382.0467543742035,2.0490924698415274
609.303644651777,382.06454529103485,2.049094691031055
609.2944388620866,382.08230166323835,2.049096892211722
609.2852508814424,382.10002358941347,2.0490990735616954
609.2760806595529,382.1177111677916,2.0491012352575764
609.2669281463095,382.1353644962377,2.0491033774744167
609.2577932917853,382.15298367225216,2.049105500385732
609.2486760462344,382.1705687929723,2.0491076041635123
609.2395763600913,382.1881199551741,2.0491096889782394
609.2304941839697,382.2056372552738,2.0491117549988953
609.221429468662,382.2231207893297,2.049113802392979
609.2123821651387,382.2405706530435,2.0491158313265156
609.2033522245475,382.25798694176217,2.0491178419640743
609.1943395982123,382.27536975047957,2.049119834468776
609.1853442376328,382.29271917383784,2.0491218090023082
609.1763660944833,382.31003530612924,2.0491237657249357
609.1674051206128,382.3273182412976,2.0491257047955145
609.1584612680431,382.3445680729399,2.0491276263715035
609.1495344889689,382.36178489430796,2.049129530608976
609.140624735757,382.37896879830987,2.0491314176626343
609.1317319609451,382.3961198775116,2.049133287685817
609.1228561172414,382.4132382241385,2.049135140830513
609.1139971575241,382.430323930077,2.049136977247377
609.1051550348399,382.447377086876,2.0491387970857335
609.0963297024041,382.46439778574825,2.049140600493593
609.0875211135995,382.48138611757224,2.049142387617664
609.0787292219757,382.49834217289344,2.0491441586033616
609.0699539812485,382.5152660419258,2.0491459135948213
609.0611953452992,382.53215781455344,2.0491476527349075
609.0524532681735,382.5490175803318,2.049149376165226
609.0437277040814,382.5658454284894,2.0491510840261355
609.0350186073963,382.5826414479293,2.049152776456756
609.0263259326538,382.5994057272303,2.0491544535949826
609.0176496345518,382.6161383546487,2.049156115577494
609.0089896679494,382.6328394181195,2.049157762539764
609.0003459878662,382.64950900525804,2.049159394616071
608.9917185494817,382.66614720336133,2.0491610119395087
608.9831073081344,382.6827540994094,2.049162614641997
608.9745122193218,382.6993297800668,2.0491642028542927
608.9659332386989,382.71587433168406,2.0491657767059976
608.9573703220778,382.732387840299,2.0491673363255707
608.9488234254275,382.7488703916381,2.0491688818403357
608.9402925048724,382.7653220711179,2.0491704133764923
608.9317775166927,382.78174296384657,2.049171931059128
608.9232784173225,382.7981331546249,2.0491734350122233
608.9147951633503,382.81449272794805,2.0491749253586633
608.9063277115174,382.8308217680066,2.049176402220251
608.8978760187182,382.84712035868813,2.0491778657177093
608.8894400419986,382.8633885835784,2.0491793159706955
608.881019738556,382.87962652596275,2.0491807530978114
608.8726150657386,382.89583426882746,2.0491821772166077
608.8642259810445,382.91201189486094,2.049183588443597
608.8558524421211,382.9281594864553,2.0491849868942627
608.8474944067648,382.9442771257073,2.0491863726830655
608.83915183292,382.96036489441997,2.0491877459234553
608.8308246786788,382.9764228741037,2.0491891067278782
608.8225129022801,382.9924511459777,2.0491904552077838
608.814216462109,383.0084497909711,2.0491917914736373
608.8059353166966,383.02441888972425,2.0491931156349255
608.7976694247187,383.04035852259017,2.049194427800167
608.7894187449958,383.0562687696356,2.049195728076919
608.7811832364922,383.07214971064235,2.049197016571787
608.7729628583154,383.0880014251085,2.0491982933904334
608.7647575697157,383.10382399224966,2.049199558637584
608.7565673300853,383.11961749100027,2.0492008124170358
608.748392098958,383.1353820000147,2.049202054831669
608.7402318360083,383.15111759766864,2.0492032859834506
608.7320865010513,383.16682436206014,2.049204505973445
608.7239560540414,383.1825023710109,2.04920571490182
608.7158404550726,383.1981517020675,2.0492069128678576
608.7077396643768,383.2137724325024,2.049208099969956
608.6996536423246,383.2293646393156,2.0492092763056453
608.6915823494235,383.2449283992352,2.0492104419715886
608.6835257463179,383.26046378871916,2.049211597063593
608.6754837937885,383.275970883956,2.049212741676614
608.6674564527518,383.2914497608662,2.0492138759047656
608.6594436842593,383.3069004951035,2.049214999841329
608.6514454494968,383.3223231620557,2.0492161135787548
608.6434617097846,383.337717836846,2.049217217208674
608.6354924265761,383.3530845943343,2.049218310821905
608.6275375614576,383.368423509118,2.0492193945084605
608.6195970761481,383.3837346555333,2.049220468357553
608.6116709324979,383.39901810765656,2.0492215324576026
608.6037590924888,383.4142739393049,2.0492225868962466
608.5958615182333,383.4295022240377,2.0492236317603414
608.587978171974,383.44470303515766,2.049224667135973
608.5801090160832,383.45987644571176,2.049225693108463
608.5722540130622,383.4750225284925,2.049226709762374
608.5644131255409,383.490141356039,2.049227717181518
608.5565863162773,383.5052330006378,2.0492287154489617
608.5487735481568,383.5202975343244,2.0492297046470336
608.5409747841917,383.535335028884,2.0492306848573305
608.5331899875209,383.55034555585263,2.049231656160724
608.5254191214093,383.5653291865183,2.0492326186373653
608.517662149247,383.5802859919219,2.0492335723666955
608.5099190345491,383.59521604285857,2.049234517427446
608.502189740955,383.61011940987834,2.0492354538976496
608.4944742322282,383.62499616328745,2.0492363818546453
608.4867724722552,383.6398463731493,2.049237301375083
608.4790844250458,383.6546701092854,2.049238212534931
608.4714100547318,383.66946744127665,2.049239115409481
608.4637493255669,383.68423843846404,2.0492400100733548
608.4561022019263,383.69898316994994,2.0492408966005096
608.4484686483061,383.71370170459886,2.049241775064245
608.4408486293224,383.7283941110387,2.0492426455372073
608.4332421097116,383.74306045766167,2.0492435080913953
608.4256490543293,383.7577008126251,2.0492443627981682
608.4180694281498,383.7723152438527,2.049245209728248
608.4105031962663,383.7869038190354,2.0492460489517272
608.4029503238894,383.80146660563236,2.0492468805380737
608.3954107763474,383.816003670872,2.0492477045561355
608.3878845190856,383.8305150817529,2.0492485210741496
608.3803715176656,383.8450009050447,2.049249330159741
608.3728717377653,383.85946120728926,2.049250131879935
608.3653851451779,383.87389605480143,2.049250926301159
608.3579117058118,383.88830551367016,2.0492517134892454
608.3504513856899,383.90268964975934,2.0492524935094423
608.3430041509494,383.91704852870873,2.0492532664264145
608.3355699678409,383.93138221593495,2.049254032304251
608.3281488027285,383.94569077663243,2.049254791206468
608.320740622089,383.9599742757743,2.049255543196015
608.3133453925115,383.97423277811333,2.04925628833528
608.3059630806966,383.98846634818284,2.049257026686094
608.298593653457,384.0026750502976,2.0492577583097376
608.2912370777158,384.01685894855484,2.049258483266943
608.2838933205066,384.03101810683495,2.0492592016179003
608.2765623489734,384.0451525888026,2.0492599134222615
608.2692441303693,384.0592624579075,2.0492606187391473
608.2619386320571,384.0733477773854,2.049261317627149
608.254645821508,384.0874086102588,2.0492620101443357
608.2473656663016,384.10144501933814,2.049262696348256
608.2400981341252,384.1154570672223,2.049263376295947
608.2328431927737,384.1294448162998,2.0492640500439343
608.2256008101488,384.14340832874944,2.0492647176482386
608.218370954259,384.15734766654134,2.04926537916438
608.2111535932187,384.1712628914377,2.049266034647383
608.2039486952481,384.18515406499375,2.049266684151779
608.1967562286726,384.1990212485584,2.049267327731613
608.1895761619226,384.2128645032753,2.0492679654404444
608.1824084635326,384.2266838900837,2.0492685973313574
608.1752531021416,384.2404794697191,2.0492692234569576
608.1681100464917,384.25425130271424,2.049269843869382
608.1609792654286,384.2679994493999,2.0492704586203008
608.1538607279006,384.28172396990567,2.049271067760923
608.1467544029582,384.2954249241609,2.049271671341997
608.1396602597541,384.3091023718954,2.0492722694138195
608.1325782675424,384.3227563726403,2.0492728620262346
608.1255083956783,384.3363869857289,2.0492734492286413
608.1184506136178,384.3499942702974,2.049274031069997
608.1114048909174,384.36357828528577,2.0492746075988206
608.1043711972331,384.3771390894386,2.049275178863196
608.0973495023211,384.39067674130575,2.0492757449107764
608.090339776036,384.4041912992433,2.049276305788788
608.0833419883315,384.4176828214142,2.049276861544034
608.0763561092599,384.43115136578916,2.0492774122228994
608.069382108971,384.4445969901474,2.049277957871352
608.0624199577123,384.45801975207735,2.0492784985349495
608.0554696258288,384.4714197089777,2.0492790342588396
608.0485310837619,384.4847969180577,2.0492795650877653
608.0416043020494,384.4981514363385,2.0492800910660707
608.0346892513256,384.5114833206533,2.0492806122377
608.0277859023201,384.5247926276487,2.0492811286462036
608.0208942258579,384.538079413785,2.0492816403347422
608.0140141928587,384.55134373533724,2.0492821473460907
608.0071457743369,384.5645856483958,2.0492826497226373
608.0002889414011,384.5778052088671,2.049283147506392
607.9934436652535,384.59100247247466,2.049283640738987
607.9866099171899,384.6041774947594,2.0492841294616824
607.979787668599,384.6173303310807,2.049284613715365
607.9729768909623,384.63046103661696,2.0492850935405578
607.9661775558535,384.64356966636643,2.049285568977419
607.9593896349384,384.65665627514784,2.0492860400657467
607.9526130999741,384.66972091760124,2.0492865068449806
607.9458479228093,384.6827636481886,2.049286969354208
607.9390940753833,384.69578452119464,2.049287427632162
607.932351529726,384.70878359072736,2.049287881717232
607.9256202579575,384.72176091071896,2.0492883316474604
607.9189002322876,384.7347165349264,2.049288777460548
607.9121914250156,384.7476505169322,2.0492892191938568
607.9054938085301,384.76056291014504,2.0492896568844134
607.898807355308,384.7734537678005,2.0492900905689115
607.8921320379151,384.7863231429618,2.0492905202837157
607.8854678290049,384.7991710885204,2.049290946064863
607.8788147013189,384.81199765719674,2.049291367948067
607.8721726276858,384.8248029015409,2.0492917859687196
607.8655415810214,384.83758687393333,2.0492922001618954
607.858921534328,384.8503496265854,2.049292610562353
607.8523124606946,384.86309121154017,2.0492930172045387
607.845714333296,384.87581168067305,2.0492934201225887
607.8391271253927,384.8885110856925,2.049293819350332
607.8325508103306,384.9011894781407,2.0492942149212947
607.8259853615408,384.9138469093939,2.0492946068687
607.8194307525387,384.9264834306636,2.0492949952254715
607.8128869569243,384.93909909299686,2.0492953800242386
607.8063539483818,384.95169394727696,2.049295761297336
607.7998317006787,384.9642680442242,2.049296139076807
607.7933201876663,384.97682143439636,2.049296513394407
607.7868193832785,384.98935416818955,2.0492968842816053
607.7803292615324,385.0018662958386,2.0492972517695875
607.7738497965274,385.014357867418,2.0492976158892597
607.7673809624449,385.0268289328423,2.049297976671248
607.7609227335481,385.03927954186673,2.049298334145904
607.7544750841816,385.05170974408793,2.049298688343306
607.7480379887714,385.0641195889446,2.0492990392932597
607.7416114218242,385.076509125718,2.0492993870253047
607.7351953579272,385.0888784035327,2.0492997315687127
607.7287897717479,385.101227471357,2.049300072952491
607.7223946380335,385.11355637800375,2.0493004112053876
607.7160099316112,385.1258651721309,2.0493007463558905
607.7096356273872,385.13815390224204,2.049301078432231
607.7032717003468,385.150422616687,2.0493014074623854
607.6969181255539,385.16267136366264,2.0493017334740777
607.6905748781509,385.1749001912131,2.049302056494783
607.6842419333582,385.1871091472308,2.0493023765517275
607.6779192664741,385.1992982794566,2.049302693671893
607.6716068528743,385.2114676354809,2.049303007882018
607.6653046680118,385.22361726274374,2.0493033192085974
607.6590126874164,385.2357472085356,2.04930362767789
607.6527308866946,385.24785751999804,2.049303933315917
607.646459241529,385.2599482441242,2.0493042361484637
607.6401977276785,385.27201942775935,2.049304536201083
607.6339463209775,385.2840711176015,2.0493048334990984
607.6277049973362,385.296103360202,2.049305128067603
607.6214737327394,385.308116201966,2.049305419931466
607.6152525032473,385.32010968915324,2.0493057091153295
607.6090412849945,385.33208386787834,2.049305995643614
607.6028400541898,385.34403878411155,2.04930627954052
607.596648787116,385.3559744836792,2.049306560830029
607.5904674601298,385.3678910122643,2.049306839535907
607.5842960496615,385.3797884154071,2.049307115681703
607.5781345322141,385.39166673850565,2.049307389290756
607.5719828843638,385.40352602681634,2.0493076603861917
607.5658410827596,385.41536632545433,2.0493079289909293
607.5597091041224,385.42718767939436,2.0493081951276784
607.5535869252456,385.438990133471,2.0493084588189454
607.5474745229942,385.4507737323794,2.0493087200870317
607.5413718743048,385.4625385206756,2.0493089789540386
607.5352789561852,385.47428454277735,2.049309235441867
607.5291957457142,385.4860118429645,2.04930948957222
607.5231222200415,385.4977204653794,2.0493097413666046
607.5170583563869,385.5094104540276,2.049309990846332
607.5110041320407,385.52108185277837,2.049310238032522
607.5049595243631,385.5327347053651,2.049310482946103
607.4989245107839,385.5443690553859,2.049310725607815
607.4928990688023,385.55598494630414,2.0493109660382096
607.4868831759866,385.5675824214489,2.049311204257652
607.480876809974,385.5791615240155,2.049311440286324
607.4748799484705,385.59072229706607,2.0493116741442243
607.4688925692503,385.60226478352996,2.0493119058511713
607.4629146501557,385.6137890262043,2.0493121354268027
607.4569461690968,385.6252950677545,2.0493123628905803
607.4509871040516,385.6367829507148,2.049312588261788
607.4450374330652,385.64825271748856,2.0493128115595365
607.4390971342498,385.65970441034904,2.049313032802762
607.4331661857844,385.6711380714397,2.049313252010231
607.427244565915,385.6825537427748,2.0493134692005395
607.4213322529533,385.6939514662398,2.0493136843921143
607.4154292252776,385.70533128359193,2.0493138976032155
607.409535461332,385.7166932364605,2.049314108851939
607.4036509396259,385.7280373663477,2.049314318156215
607.3977756387343,385.7393637146287,2.0493145255338128
607.3919095372974,385.7506723225526,2.0493147310023403
607.3860526140201,385.7619632312423,2.049314934579246
607.380204847672,385.7732364816955,2.0493151362818196
607.3743662170871,385.78449211478494,2.0493153361271936
607.3685367011635,385.79573017125887,2.0493155341323472
607.3627162788634,385.8069506917416,2.0493157303141043
607.3569049292125,385.81815371673383,2.049315924689137
607.3511026313,385.82933928661333,2.049316117273965
607.3453093642784,385.84050744163517,2.0493163080849595
607.339525107363,385.8516582219323,2.049316497138342
607.333749839832,385.86279166751603,2.04931668445019
607.327983541026,385.87390781827634,2.0493168700364306
607.322226190348,385.88500671398253,2.0493170539128496
607.316477767263,385.89608839428354,2.0493172360950886
607.3107382512978,385.9071528987085,2.0493174165986474
607.3050076220409,385.918200266667,2.049317595438886
607.2992858591418,385.92923053744966,2.0493177726310234
607.2935729423117,385.94024375022866,2.049317948190142
607.2878688513223,385.95123994405805,2.0493181221311847
607.2821735660062,385.96221915787413,2.0493182944689625
607.2764870662564,385.9731814304961,2.0493184652181506
607.2708093320261,385.9841268006263,2.0493186343932894
607.2651403433287,385.99505530685076,2.0493188020087896
607.259480080237,386.00596698763957,2.0493189680789294
607.253828522884,386.01686188134727,2.0493191326178577
607.2481856514615,386.02774002621345,2.049319295639595
607.2425514462209,386.038601460363,2.0493194571580355
607.2369258874721,386.04944622180665,2.0493196171869457
607.2313089555842,386.0602743484412,2.049319775739967
607.2257006309843,386.0710858780503,2.0493199328306186
607.2201008941582,386.0818808483045,2.049320088472296
607.2145097256496,386.0926592967617,2.049320242678272
607.20892710606,386.10342126086795,2.0493203954616988
607.2033530160486,386.11416677795745,2.0493205468356113
607.1977874363323,386.12489588525307,2.0493206968129236
607.1922303476848,386.1356086198669,2.0493208454064344
607.1866817309372,386.14630501880043,2.0493209926288243
607.1811415669771,386.1569851189452,2.04932113849266
607.175609836749,386.16764895708303,2.049321283010392
607.1700865212538,386.1782965698864,2.0493214261943598
607.1645716015482,386.1889279939191,2.04932156805679
607.1590650587455,386.19954326563624,2.0493217086097966
607.1535668740142,386.210142421385,2.049321847865386
607.1480770285789,386.2207254974049,2.049321985835453
607.1425955037192,386.231292529828,2.0493221225317857
607.1371222807702,386.24184355467975,2.0493222579660646
607.1316573411217,386.2523786078789,2.049322392149863
607.1262006662186,386.26289772523813,2.0493225250946505
607.12075223756,386.27340094246443,2.049322656811791
607.1153120367,386.2838882951595,2.049322787312546
607.1098800452462,386.29435981881994,2.049322916608073
607.1044562448608,386.3048155488379,2.04932304470943
607.0990406172594,386.3152555205013,2.0493231716275737
607.0936331442115,386.32567976899423,2.049323297373359
607.0882338075397,386.3360883293974,2.0493234219575456
607.0828425891202,386.3464812366884,2.0493235453907914
607.0774594708821,386.3568585257422,2.0493236676836606
607.0720844348073,386.36722023133143,2.0493237888466194
607.0667174629302,386.3775663881267,2.049323908890039
607.0613585373382,386.3878970306971,2.0493240278241966
607.0560076401703,386.3982121935106,2.0493241456592743
607.0506647536181,386.4085119109342,2.0493242624053636
607.045329859925,386.41879621723444,2.0493243780724617
607.040002941386,386.42906514657784,2.0493244926704772
607.0346839803477,386.4393187330311,2.0493246062092263
607.0293729592081,386.4495570105615,2.049324718698437
607.0240698604163,386.45978001303735,2.0493248301477482
607.0187746664724,386.46998777422823,2.049324940566711
607.0134873599274,386.48018032780544,2.04932504996479
607.0082079233828,386.49035770734224,2.0493251583513628
607.0029363394906,386.50051994631434,2.049325265735721
606.9976725909531,386.5106670781002,2.0493253721270737
606.9924166605227,386.5207991359813,2.049325477534543
606.9871685310017,386.5309161531425,2.04932558196717
606.9819281852418,386.54101816267263,2.049325685433913
606.9766956061449,386.5511051975644,2.0493257879436477
606.9714707766617,386.5611772907152,2.0493258895051696
606.9662536797924,386.571234474927,2.049325990127194
606.9610442985862,386.58127678290714,2.049326089818356
606.955842616141,386.5913042472683,2.049326188587213
606.9506486156035,386.60131690052896,2.049326286442244
606.9454622801691,386.6113147751139,2.0493263833918496
606.9402835930811,386.6212979033543,2.049326479444355
606.9351125376312,386.6312663174881,2.04932657460801
606.9299490971592,386.64122004966055,2.049326668890986
606.9247932550527,386.65115913192426,2.0493267623013836
606.9196449947467,386.6610835962397,2.0493268548472265
606.9145042997241,386.67099347447544,2.0493269465364667
606.9093711535146,386.68088879840866,2.049327037376983
606.9042455396956,386.6907695997251,2.049327127376584
